transaction_id,booking_datetime,debit_cny,credit_cny,post_transaction_balance_cny
synb1_txn_0e46e72ae42430a78f62f4ab,2025-01-01T09:00:00,0.00,3600000.00,3600000.00
synb1_txn_a521d9087f6c164fed092ab8,2025-01-03T09:00:00,60000.00,0.00,3540000.00
synb1_txn_7412ad39706b632136fd59d2,2025-01-03T09:00:00,41662.35,0.00,3498337.65
synb1_txn_40b84dc0f392b2a5f0e2e5c8,2025-01-07T09:00:00,158254.96,0.00,3340082.69
synb1_txn_a524ad6e56ec8186db6d2e14,2025-01-14T15:00:00,0.00,41646.42,3381729.11
synb1_txn_a448d65b84f69a7f7d925063,2025-01-17T09:00:00,14653.83,0.00,3367075.28
synb1_txn_3190233845eff34a1f16f67e,2025-01-18T15:00:00,0.00,38442.86,3405518.14
synb1_txn_ea8afb942d549ee957352235,2025-01-19T15:00:00,0.00,49462.25,3454980.39
synb1_txn_b754627fddd97669865e7159,2025-01-20T09:00:00,19605.59,0.00,3435374.80
synb1_txn_23261da5f7e30430b44d6bd2,2025-01-20T09:00:00,23446.14,0.00,3411928.66
synb1_txn_d855ac7f3ccd0342d290b681,2025-01-21T09:00:00,21431.22,0.00,3390497.44
synb1_txn_b6786c1ad3b576ad447a8e40,2025-01-22T09:00:00,23614.03,0.00,3366883.41
synb1_txn_5ccacaaaaec770e4dcfdf10c,2025-01-22T09:00:00,7483.92,0.00,3359399.49
synb1_txn_8e2ca2aca878db3df51bd151,2025-01-22T09:00:00,17942.42,0.00,3341457.07
synb1_txn_9657605e7335de3b297116e2,2025-01-23T09:00:00,11350.62,0.00,3330106.45
synb1_txn_a93ef10e2541b4a9b5b430e2,2025-01-23T15:00:00,0.00,37591.32,3367697.77
synb1_txn_390947731fcb783d85f196dc,2025-01-24T09:00:00,32238.42,0.00,3335459.35
synb1_txn_71e845f0c0325e1413b24e46,2025-01-24T09:00:00,21431.23,0.00,3314028.12
synb1_txn_a795ac78156f4edfe7149df0,2025-01-24T15:00:00,0.00,21051.14,3335079.26
synb1_txn_b059616607a4bb876693ac7c,2025-01-25T09:00:00,62003.87,0.00,3273075.39
synb1_txn_32711bdada2ee28b6588606e,2025-01-25T09:00:00,16867.17,0.00,3256208.22
synb1_txn_0810edacfccd1b1666caff92,2025-01-25T09:00:00,18709.80,0.00,3237498.42
synb1_txn_f7d16a20fae58a6884fa7436,2025-01-25T09:00:00,24920.03,0.00,3212578.39
synb1_txn_291b31e77de039dbc7f7d3b1,2025-01-26T09:00:00,12822.10,0.00,3199756.29
synb1_txn_fc4c4b5eb024aabb1984b13f,2025-01-27T09:00:00,20149.02,0.00,3179607.27
synb1_txn_616f6b9c2385d4abc150642b,2025-01-28T15:00:00,0.00,40238.09,3219845.36
synb1_txn_0253c30b77b58fb6788bf42e,2025-01-28T15:00:00,0.00,27698.88,3247544.24
synb1_txn_d49c56f91b41205d71e42917,2025-01-29T09:00:00,20515.36,0.00,3227028.88
synb1_txn_bbd8d6b4f2092c7fa1b44656,2025-02-01T15:00:00,0.00,20172.41,3247201.29
synb1_txn_257c72eda0b34e793fbdfec8,2025-02-01T15:00:00,0.00,50297.62,3297498.91
synb1_txn_bb930742ef9b9be109fb987a,2025-02-02T15:00:00,0.00,32255.63,3329754.54
synb1_txn_f727f976cefad7c975ce5d3a,2025-02-03T09:00:00,41662.35,0.00,3288092.19
synb1_txn_228180a6e627320bd759db64,2025-02-04T15:00:00,0.00,35466.26,3323558.45
synb1_txn_8ded61f5f3ac0f928aff75b0,2025-02-05T15:00:00,0.00,52952.59,3376511.04
synb1_txn_c3ddc4460d3bf1a0387a3268,2025-02-06T15:00:00,0.00,23458.65,3399969.69
synb1_txn_a823c14f090614f442287f2c,2025-02-07T09:00:00,158254.96,0.00,3241714.73
synb1_txn_43dd742b4c3ec655b3c05356,2025-02-08T15:00:00,0.00,19587.05,3261301.78
synb1_txn_7916843312640882b06f0169,2025-02-08T15:00:00,0.00,51587.31,3312889.09
synb1_txn_23ebdb2027ce898e735ea6b7,2025-02-12T15:00:00,0.00,43091.52,3355980.61
synb1_txn_b6034466609e20cf466c355e,2025-02-14T15:00:00,0.00,37752.80,3393733.41
synb1_txn_47588441bfa4c3687e171e93,2025-02-17T09:00:00,16811.35,0.00,3376922.06
synb1_txn_f4f99fb46c4fdfb138b8c941,2025-02-17T09:00:00,16433.10,0.00,3360488.96
synb1_txn_8cebb4b6d9260f235854c81f,2025-02-18T15:00:00,0.00,54269.67,3414758.63
synb1_txn_91f12fbc3981bcb7fbaad5d5,2025-02-18T15:00:00,0.00,35382.49,3450141.12
synb1_txn_1755d9dac0cf5bc5099d6cd0,2025-02-19T09:00:00,12428.39,0.00,3437712.73
synb1_txn_10993d313977ae4e3c30ae5e,2025-02-20T09:00:00,21854.77,0.00,3415857.96
synb1_txn_c24ad40cd43d98eafd3edcce,2025-02-20T09:00:00,20084.90,0.00,3395773.06
synb1_txn_5fab616ffde295855e8cbfe9,2025-02-22T09:00:00,23199.67,0.00,3372573.39
synb1_txn_f692b5a328f21475df89740c,2025-02-22T09:00:00,26237.73,0.00,3346335.66
synb1_txn_9d09488e5af65c82d800f827,2025-02-22T15:00:00,0.00,40207.39,3386543.05
synb1_txn_c2b9d961cf76e1e100fe10bc,2025-02-25T09:00:00,62003.87,0.00,3324539.18
synb1_txn_bd9ee249866695326600a44a,2025-02-25T09:00:00,34799.52,0.00,3289739.66
synb1_txn_68094657cd63871eda07f6ac,2025-02-26T09:00:00,11305.88,0.00,3278433.78
synb1_txn_9c1cd536c07b91bd5a52a1c9,2025-02-27T15:00:00,0.00,35723.00,3314156.78
synb1_txn_d89c9a8cdd5809aa0eb22103,2025-02-28T09:00:00,1679.18,0.00,3312477.60
synb1_txn_d6c9ad0917b0bc3d76873674,2025-02-28T09:00:00,5850.00,0.00,3306627.60
synb1_txn_c58bc5473ba38ce311cc259b,2025-02-28T09:00:00,702.00,0.00,3305925.60
synb1_txn_e91b6bc4f81d3cf4e0a5d0a1,2025-02-28T15:00:00,0.00,45893.85,3351819.45
synb1_txn_297c7d1e0763d9cdeb938af5,2025-03-01T09:00:00,31656.48,0.00,3320162.97
synb1_txn_f48222cb36ae0b43846fc541,2025-03-01T15:00:00,0.00,55160.21,3375323.18
synb1_txn_7e54ac8b237db8754677fb14,2025-03-02T09:00:00,7348.82,0.00,3367974.36
synb1_txn_78a872d3af5c02cf0d18d5da,2025-03-03T09:00:00,41662.35,0.00,3326312.01
synb1_txn_a403bf66be524c94656e9744,2025-03-03T09:00:00,23535.89,0.00,3302776.12
synb1_txn_55a419205cd88a1d656b7048,2025-03-03T15:00:00,0.00,46439.92,3349216.04
synb1_txn_a3bac88a9cf333bc17c02f8a,2025-03-04T15:00:00,0.00,33522.46,3382738.50
synb1_txn_9e9490cda5a8a87983202c5d,2025-03-04T15:00:00,0.00,29696.03,3412434.53
synb1_txn_a1c71550c450e823e9e948d2,2025-03-05T09:00:00,14132.36,0.00,3398302.17
synb1_txn_ff9495ce305c4e61467d2530,2025-03-05T15:00:00,0.00,33575.78,3431877.95
synb1_txn_310c52d394020d37b6a73ac6,2025-03-06T09:00:00,15130.23,0.00,3416747.72
synb1_txn_e1f8296b24493e1e8cc84435,2025-03-06T09:00:00,13694.26,0.00,3403053.46
synb1_txn_e4984673f380147ff4b560df,2025-03-07T09:00:00,158254.96,0.00,3244798.50
synb1_txn_976a810604511dee65802ca8,2025-03-08T15:00:00,0.00,22348.32,3267146.82
synb1_txn_9a21847682e28f1c889ee0f3,2025-03-09T09:00:00,18527.55,0.00,3248619.27
synb1_txn_7f3f13868dcec19f1f2d9499,2025-03-09T15:00:00,0.00,12488.76,3261108.03
synb1_txn_87c7ce3eb97ac2dc2f1104e5,2025-03-09T15:00:00,0.00,26984.03,3288092.06
synb1_txn_7d0adb16dedbb8e8c4e5c369,2025-03-11T09:00:00,26716.63,0.00,3261375.43
synb1_txn_cdb9f3e3e55a64d78571fe95,2025-03-13T15:00:00,0.00,17089.89,3278465.32
synb1_txn_53aaa53f772274bb01e311af,2025-03-13T15:00:00,0.00,58465.40,3336930.72
synb1_txn_d167b13511180d6361e0779f,2025-03-13T15:00:00,0.00,17605.01,3354535.73
synb1_txn_69440f0477f7571b66abdc18,2025-03-14T09:00:00,25145.08,0.00,3329390.65
synb1_txn_437538bf23edf9de532d1aaf,2025-03-16T09:00:00,16147.41,0.00,3313243.24
synb1_txn_90e996a070b4ca8440c60b36,2025-03-17T15:00:00,0.00,18705.33,3331948.57
synb1_txn_3c4ebaed0e22021ad304460d,2025-03-19T09:00:00,7180.85,0.00,3324767.72
synb1_txn_129294b07a6445872a3c7c7b,2025-03-19T09:00:00,17762.16,0.00,3307005.56
synb1_txn_426e4a863a262fc54b41d58b,2025-03-20T15:00:00,0.00,29341.69,3336347.25
synb1_txn_8d25964e79741aa1eba8c5a7,2025-03-21T15:00:00,0.00,29586.20,3365933.45
synb1_txn_e1e6336c4380e5e4a3741009,2025-03-22T09:00:00,8311.17,0.00,3357622.28
synb1_txn_28bd0234919fdcad812f7abd,2025-03-22T09:00:00,10771.28,0.00,3346851.00
synb1_txn_9be02bb50c23fee3d314a61e,2025-03-23T09:00:00,34272.24,0.00,3312578.76
synb1_txn_a86df98e6c5b36d77da274e8,2025-03-24T09:00:00,13297.87,0.00,3299280.89
synb1_txn_69e23c7ab029f833b3a953f8,2025-03-24T15:00:00,0.00,51347.96,3350628.85
synb1_txn_9c242e296ad8b04e79c5487a,2025-03-25T09:00:00,62003.87,0.00,3288624.98
synb1_txn_73c4bd029056fe3b89654269,2025-03-25T09:00:00,15708.11,0.00,3272916.87
synb1_txn_8f5fa2da331583848cf8795c,2025-03-25T09:00:00,11635.64,0.00,3261281.23
synb1_txn_aafaca3c531db796dd7f66c3,2025-03-25T15:00:00,0.00,14793.11,3276074.34
synb1_txn_8a9d32cdc876f42222f96110,2025-03-26T09:00:00,21578.83,0.00,3254495.51
synb1_txn_ec4f350ccaf201cb0fb9155a,2025-03-26T09:00:00,29758.50,0.00,3224737.01
synb1_txn_e2803f313b4ff9d766bf9671,2025-03-27T09:00:00,26595.75,0.00,3198141.26
synb1_txn_135329e448254453846fc9c4,2025-03-28T09:00:00,1679.18,0.00,3196462.08
synb1_txn_255f4d18eda6c7c58409f797,2025-03-28T09:00:00,5850.00,0.00,3190612.08
synb1_txn_980367f4ca206dc88cf87401,2025-03-28T09:00:00,702.00,0.00,3189910.08
synb1_txn_7e30e3929ea80c3044371468,2025-03-28T09:00:00,26180.19,0.00,3163729.89
synb1_txn_f17a8938c3c26479388fd091,2025-03-28T15:00:00,0.00,63438.75,3227168.64
synb1_txn_5f6f57079af4e8099252fc24,2025-03-28T15:00:00,0.00,51571.21,3278739.85
synb1_txn_edc4bc18100ac7a8a6bd9385,2025-03-29T09:00:00,16119.19,0.00,3262620.66
synb1_txn_8fde020ffaf3770f62020b45,2025-03-31T15:00:00,0.00,45724.13,3308344.79
synb1_txn_d379088112782b780e4df68d,2025-04-01T15:00:00,0.00,33388.83,3341733.62
synb1_txn_5de620bdd783ac4515092ec9,2025-04-01T15:00:00,0.00,61394.30,3403127.92
synb1_txn_fbfc54adad94f19f565b2481,2025-04-02T15:00:00,0.00,21110.67,3424238.59
synb1_txn_f18e0c0d1b4722fb7e5d91dc,2025-04-03T09:00:00,41662.35,0.00,3382576.24
synb1_txn_50fe9e1ba6725c78a0b721d4,2025-04-04T15:00:00,0.00,67241.38,3449817.62
synb1_txn_d9a494a614b8b5302271bd58,2025-04-06T15:00:00,0.00,39406.61,3489224.23
synb1_txn_384512da7541a33164da3691,2025-04-07T09:00:00,158254.96,0.00,3330969.27
synb1_txn_b6e5a94330d10604ddc291e3,2025-04-08T15:00:00,0.00,23534.47,3354503.74
synb1_txn_45e087fcc92f1e4416345956,2025-04-12T15:00:00,0.00,16810.35,3371314.09
synb1_txn_0ced5dbffb00b92bb30504bc,2025-04-13T15:00:00,0.00,51538.90,3422852.99
synb1_txn_8bc0d5cadff78edae3057fe7,2025-04-14T15:00:00,0.00,46875.00,3469727.99
synb1_txn_fee2a56198aeeffc25d5af9e,2025-04-15T09:00:00,16217.62,0.00,3453510.37
synb1_txn_2b9be991886b4499363e426e,2025-04-16T15:00:00,0.00,10524.73,3464035.10
synb1_txn_b5b2d1122453a86cc99e4806,2025-04-16T15:00:00,0.00,24312.65,3488347.75
synb1_txn_af1c3dde4b41b6f124872783,2025-04-17T09:00:00,23789.82,0.00,3464557.93
synb1_txn_0c6f9ba7e16780aa6d180ce6,2025-04-17T15:00:00,0.00,18406.75,3482964.68
synb1_txn_f337c456ffe8de4c5e5da085,2025-04-18T09:00:00,29191.73,0.00,3453772.95
synb1_txn_555c46238e9178d149e0efa5,2025-04-18T15:00:00,0.00,26250.00,3480022.95
synb1_txn_9b0be213d516930c1edfcc09,2025-04-20T09:00:00,16277.25,0.00,3463745.70
synb1_txn_eda81918d85337524f1617e4,2025-04-20T15:00:00,0.00,27627.44,3491373.14
synb1_txn_6446ad4f5d756347b4411fec,2025-04-20T15:00:00,0.00,39274.30,3530647.44
synb1_txn_31f73c5ad15048096d58b225,2025-04-21T09:00:00,14190.42,0.00,3516457.02
synb1_txn_22a1d08a2e3b04ddabdeedc8,2025-04-24T09:00:00,17629.51,0.00,3498827.51
synb1_txn_de123f1b9efc10a1e44d5e5b,2025-04-24T09:00:00,31218.93,0.00,3467608.58
synb1_txn_a0208639bf8ac8cb631cbdd1,2025-04-25T09:00:00,62003.87,0.00,3405604.71
synb1_txn_efd3febee31dc906f5da5205,2025-04-26T09:00:00,7396.99,0.00,3398207.72
synb1_txn_1a7f4c7171ec321e94933d02,2025-04-27T09:00:00,6410.73,0.00,3391796.99
synb1_txn_82c9641ef1906ec11ff01b15,2025-04-27T09:00:00,11753.01,0.00,3380043.98
synb1_txn_cbf11dc979a1400c25343a73,2025-04-28T09:00:00,1679.18,0.00,3378364.80
synb1_txn_267962c5fe77babde87c74e8,2025-04-28T09:00:00,5850.00,0.00,3372514.80
synb1_txn_c24522276165889d6d30455a,2025-04-28T09:00:00,702.00,0.00,3371812.80
synb1_txn_0b7bbf45647d8d35c8fe48fa,2025-04-28T15:00:00,0.00,53413.06,3425225.86
synb1_txn_07c24f3879b3433c39e094c0,2025-04-29T09:00:00,16643.25,0.00,3408582.61
synb1_txn_4ae7384d4d662db49899eb4f,2025-04-30T09:00:00,14958.37,0.00,3393624.24
synb1_txn_477753a52f48709774793e57,2025-05-02T15:00:00,0.00,35608.71,3429232.95
synb1_txn_124ef03a5cfd74f8a28e4187,2025-05-03T09:00:00,41662.35,0.00,3387570.60
synb1_txn_4668b25789033c9352211fd5,2025-05-03T09:00:00,10090.97,0.00,3377479.63
synb1_txn_f8af3962e7cdfae1bbedca04,2025-05-04T09:00:00,40067.07,0.00,3337412.56
synb1_txn_3fbb7617e95b0699b1dc6d46,2025-05-06T09:00:00,35318.40,0.00,3302094.16
synb1_txn_1cdfbb318692ca5b3ccf908b,2025-05-07T09:00:00,158254.96,0.00,3143839.20
synb1_txn_f98a1bab2a2af989032698de,2025-05-07T09:00:00,16026.83,0.00,3127812.37
synb1_txn_60109f1064da5dc6c1f523c9,2025-05-08T15:00:00,0.00,34834.59,3162646.96
synb1_txn_860a8d2503f17444988d0410,2025-05-09T15:00:00,0.00,28614.12,3191261.08
synb1_txn_c1166a8da6598d94a8a3c0cb,2025-05-11T15:00:00,0.00,31851.17,3223112.25
synb1_txn_9fe6ef9109e377300f764cf1,2025-05-12T15:00:00,0.00,41469.75,3264582.00
synb1_txn_ab3a3505ba3431165c95e1ab,2025-05-12T15:00:00,0.00,43874.99,3308456.99
synb1_txn_31fbdc00285787bb97a19398,2025-05-13T09:00:00,22044.40,0.00,3286412.59
synb1_txn_b80f180c429934f4ff609b7b,2025-05-13T15:00:00,0.00,60407.61,3346820.20
synb1_txn_04307c7692ceb741744bb730,2025-05-13T15:00:00,0.00,37979.78,3384799.98
synb1_txn_c2b990c036be2eec030d05ac,2025-05-15T15:00:00,0.00,48838.48,3433638.46
synb1_txn_b0d9de35dc06aec656a67235,2025-05-16T09:00:00,31121.52,0.00,3402516.94
synb1_txn_5e2e4e94597d774d99659830,2025-05-16T15:00:00,0.00,41967.40,3444484.34
synb1_txn_25f33bf346948f2fcb1fdbb6,2025-05-16T15:00:00,0.00,36579.30,3481063.64
synb1_txn_c68b0e45be639b218ef0fc8c,2025-05-17T15:00:00,0.00,14468.49,3495532.13
synb1_txn_b721d27527fd9cb31fcbfe4b,2025-05-17T15:00:00,0.00,62937.92,3558470.05
synb1_txn_834158f47e44f404856eeefb,2025-05-20T15:00:00,0.00,32006.90,3590476.95
synb1_txn_a67e3c55bb3ae3c9155d16b7,2025-05-21T09:00:00,22152.46,0.00,3568324.49
synb1_txn_2d0552ebce3be37b5193dffd,2025-05-21T15:00:00,0.00,33889.66,3602214.15
synb1_txn_92636f36b25266806786dc97,2025-05-22T09:00:00,10874.84,0.00,3591339.31
synb1_txn_6fc7f86f3733308a7fc177e9,2025-05-22T09:00:00,23246.41,0.00,3568092.90
synb1_txn_22e4fc14d9db17330d8c16e5,2025-05-23T09:00:00,8903.79,0.00,3559189.11
synb1_txn_db598185a52dc0f0d027c06b,2025-05-24T09:00:00,31013.46,0.00,3528175.65
synb1_txn_f8984c423ae337c48a165aea,2025-05-24T09:00:00,30820.82,0.00,3497354.83
synb1_txn_17f33add7b8f05bf5db8162e,2025-05-24T15:00:00,0.00,26711.07,3524065.90
synb1_txn_e863d14ba2d99f50c69ee141,2025-05-25T09:00:00,62003.87,0.00,3462062.03
synb1_txn_8d5462b242642bebc3fbfa60,2025-05-25T09:00:00,30718.08,0.00,3431343.95
synb1_txn_06f98dde7cf73bcc7615ca83,2025-05-25T09:00:00,6847.13,0.00,3424496.82
synb1_txn_300c46610f805c9149a4bc7f,2025-05-25T09:00:00,10228.43,0.00,3414268.39
synb1_txn_6ae7a7ef4af09c6dc45e0630,2025-05-26T09:00:00,6849.07,0.00,3407419.32
synb1_txn_a442ae068952c03be6fafa64,2025-05-27T09:00:00,16437.78,0.00,3390981.54
synb1_txn_a053c771864645082bdf4645,2025-05-27T15:00:00,0.00,58836.20,3449817.74
synb1_txn_11cfd2dfdb71c78f1af4559e,2025-05-28T09:00:00,1679.18,0.00,3448138.56
synb1_txn_beee29005005d0e777a96761,2025-05-28T09:00:00,5850.00,0.00,3442288.56
synb1_txn_5f5f590fb6d2c23e7dc34807,2025-05-28T09:00:00,702.00,0.00,3441586.56
synb1_txn_e287fca6cb9eda89aabd4b18,2025-05-28T09:00:00,20478.73,0.00,3421107.83
synb1_txn_1e6a6dc6a801964227196129,2025-05-28T15:00:00,0.00,21702.76,3442810.59
synb1_txn_03955b205f22a0e07ef2123b,2025-05-29T15:00:00,0.00,18985.80,3461796.39
synb1_txn_3c2108ad2a835430d7858cfd,2025-05-31T09:00:00,18115.81,0.00,3443680.58
synb1_txn_76d6131fb928e7f5b93d0b07,2025-05-31T15:00:00,0.00,25887.93,3469568.51
synb1_txn_dcfa4688bb379646f9b08dfd,2025-06-02T15:00:00,0.00,45565.92,3515134.43
synb1_txn_62c322e6c628cc4016ee55e4,2025-06-03T09:00:00,41662.35,0.00,3473472.08
synb1_txn_0df6028bd0d6e5d21713a289,2025-06-03T09:00:00,17328.17,0.00,3456143.91
synb1_txn_4df055d00c838a06b3ff1f58,2025-06-07T09:00:00,158254.96,0.00,3297888.95
synb1_txn_52aec7594ab612c41d4fbf24,2025-06-09T15:00:00,0.00,42266.00,3340154.95
synb1_txn_38434767f08bf86878c3c460,2025-06-10T15:00:00,0.00,32718.11,3372873.06
synb1_txn_68ac03f9738eade432959ec2,2025-06-13T15:00:00,0.00,46492.62,3419365.68
synb1_txn_9e06d5843e21f96e9efe87d6,2025-06-14T15:00:00,0.00,26174.50,3445540.18
synb1_txn_f1ec010a73a35d8a0ce63e51,2025-06-15T15:00:00,0.00,25254.85,3470795.03
synb1_txn_2be54c3fbe0b85a1b03a6032,2025-06-17T09:00:00,11702.12,0.00,3459092.91
synb1_txn_41f4be28f12a87082223c5bb,2025-06-19T15:00:00,0.00,29711.59,3488804.50
synb1_txn_119b6e0f304c23dad4242570,2025-06-20T09:00:00,20023.64,0.00,3468780.86
synb1_txn_71b4aee6053f6ca2b39f0281,2025-06-20T09:00:00,24704.50,0.00,3444076.36
synb1_txn_6fe92b9f7aea25fb7317cefa,2025-06-20T09:00:00,30338.85,0.00,3413737.51
synb1_txn_438f949e6f6cc97018527088,2025-06-20T09:00:00,19274.09,0.00,3394463.42
synb1_txn_277fbb6154be9208bcf9d0d0,2025-06-21T09:00:00,17622.37,0.00,3376841.05
synb1_txn_58743aed2c018a2ad55b4431,2025-06-21T15:00:00,0.00,21593.95,3398435.00
synb1_txn_98467bd56c3015c002be891f,2025-06-23T09:00:00,30035.46,0.00,3368399.54
synb1_txn_02f80105e0c8b227d3aaaf1d,2025-06-23T09:00:00,15169.43,0.00,3353230.11
synb1_txn_3c8cffa2172fad7f30b52fa1,2025-06-23T09:00:00,35335.84,0.00,3317894.27
synb1_txn_52d48272ab50d2b4c4a67661,2025-06-24T09:00:00,7021.27,0.00,3310873.00
synb1_txn_fe506bef2ae6a3a01254658e,2025-06-24T09:00:00,14233.47,0.00,3296639.53
synb1_txn_7565ece8a07ce9a6af05dab3,2025-06-25T09:00:00,62003.87,0.00,3234635.66
synb1_txn_b47fa202fbdc1bebcbbe4391,2025-06-25T15:00:00,0.00,21593.96,3256229.62
synb1_txn_4f82a6bcd1d4e8f51a5b4945,2025-06-27T09:00:00,14367.61,0.00,3241862.01
synb1_txn_57c5c78ed020185e354bde36,2025-06-27T09:00:00,20283.69,0.00,3221578.32
synb1_txn_687579acffda789b62e74d18,2025-06-27T09:00:00,11684.55,0.00,3209893.77
synb1_txn_db09325a1dfeb56602d3cf86,2025-06-29T15:00:00,0.00,42329.06,3252222.83
synb1_txn_bbfeeb32e02678400af63d27,2025-06-30T09:00:00,1679.18,0.00,3250543.65
synb1_txn_f7abb4195cbe3e72816b1a43,2025-06-30T09:00:00,5850.00,0.00,3244693.65
synb1_txn_ce0bf660b843686f5dd05a30,2025-06-30T09:00:00,702.00,0.00,3243991.65
synb1_txn_bcc79094071d773d588d7669,2025-06-30T09:00:00,24314.42,0.00,3219677.23
synb1_txn_5e99f8b4edcc43859eb214a0,2025-06-30T09:00:00,11069.59,0.00,3208607.64
synb1_txn_35e5249a4dc567a597591799,2025-06-30T15:00:00,0.00,43973.17,3252580.81
synb1_txn_eaa5776cbe76a70134cae51e,2025-07-03T09:00:00,41662.35,0.00,3210918.46
synb1_txn_f9599eb566b792efff124eef,2025-07-03T15:00:00,0.00,33976.50,3244894.96
synb1_txn_f6175616b1abf754824ae293,2025-07-03T15:00:00,0.00,33579.12,3278474.08
synb1_txn_4a3d52c394c24eb04f63da2f,2025-07-03T15:00:00,0.00,47972.95,3326447.03
synb1_txn_9d1d0baded2d080b77c22a9c,2025-07-04T15:00:00,0.00,18845.65,3345292.68
synb1_txn_532ffadcd002a444a060af6a,2025-07-07T09:00:00,158254.96,0.00,3187037.72
synb1_txn_ef5b3abfa07e7df1a244b53a,2025-07-07T15:00:00,0.00,36694.64,3223732.36
synb1_txn_b726c8895a9b435d785ba823,2025-07-07T15:00:00,0.00,64575.24,3288307.60
synb1_txn_545d8d5c92acff755967f9a0,2025-07-08T15:00:00,0.00,50594.11,3338901.71
synb1_txn_a001ee7df15a0e4d6c2d5134,2025-07-10T09:00:00,43197.31,0.00,3295704.40
synb1_txn_8b48c1fd4c19b61fdfe1cc7e,2025-07-12T15:00:00,0.00,55412.60,3351117.00
synb1_txn_5102016b5abc132b89d26c26,2025-07-13T09:00:00,19198.81,0.00,3331918.19
synb1_txn_fd8fe339b422877e1e5c9c0c,2025-07-13T15:00:00,0.00,21521.73,3353439.92
synb1_txn_acc6d74b5aff280c7643ccfa,2025-07-15T09:00:00,21922.96,0.00,3331516.96
synb1_txn_a95ce8cd78086f23699d4afa,2025-07-17T15:00:00,0.00,33478.27,3364995.23
synb1_txn_f0eccb1c0a16af75d462cdff,2025-07-18T09:00:00,9275.10,0.00,3355720.13
synb1_txn_75c82f433680720761c616d5,2025-07-18T09:00:00,13576.29,0.00,3342143.84
synb1_txn_ccd5a4a05910189990f6776c,2025-07-18T15:00:00,0.00,48695.65,3390839.49
synb1_txn_53b593777435eb5137a7d68c,2025-07-18T15:00:00,0.00,25434.78,3416274.27
synb1_txn_00f098e8fde1c113ce837558,2025-07-19T09:00:00,13552.09,0.00,3402722.18
synb1_txn_fc5c8ca5467f123175d96adb,2025-07-20T09:00:00,35697.77,0.00,3367024.41
synb1_txn_46d5e146744ec7af386a33ae,2025-07-21T09:00:00,17998.87,0.00,3349025.54
synb1_txn_41a33c201c810fd4aa5ee98d,2025-07-21T09:00:00,8022.36,0.00,3341003.18
synb1_txn_08c6d9e9fb18b3e3aaade04a,2025-07-21T15:00:00,0.00,32200.00,3373203.18
synb1_txn_dfa330168cc52f46dd9d6526,2025-07-22T09:00:00,5646.71,0.00,3367556.47
synb1_txn_8d0ef9c8f94ec9fdc7a8c1e7,2025-07-22T09:00:00,19198.82,0.00,3348357.65
synb1_txn_dd35004f2184b69c8218a213,2025-07-22T15:00:00,0.00,31304.35,3379662.00
synb1_txn_997d1a901a7d16cc4736595d,2025-07-22T15:00:00,0.00,19565.22,3399227.22
synb1_txn_93f3ce27be9d6693eea6742d,2025-07-23T09:00:00,31498.05,0.00,3367729.17
synb1_txn_d3264e07a221b29f37e237d2,2025-07-24T09:00:00,29998.14,0.00,3337731.03
synb1_txn_5c14e207dcf6a68a2e93c851,2025-07-24T15:00:00,0.00,44861.11,3382592.14
synb1_txn_be8d55c4e82dad3b2939d0fb,2025-07-25T09:00:00,62003.87,0.00,3320588.27
synb1_txn_5c1f9941670ad5630eb09687,2025-07-25T09:00:00,19198.82,0.00,3301389.45
synb1_txn_8930a5ec7de419da0c77944c,2025-07-25T15:00:00,0.00,37800.00,3339189.45
synb1_txn_0fbc5729657262af45221f19,2025-07-27T15:00:00,0.00,28108.10,3367297.55
synb1_txn_371552b9216af008cac200c8,2025-07-28T09:00:00,1679.18,0.00,3365618.37
synb1_txn_8b7f0d4691229bc4b372c017,2025-07-28T09:00:00,5850.00,0.00,3359768.37
synb1_txn_202ddada7e9a262895666245,2025-07-28T09:00:00,702.00,0.00,3359066.37
synb1_txn_2724b0fdd3b725d289393667,2025-07-28T15:00:00,0.00,40138.89,3399205.26
synb1_txn_92e69bb6e23df7163b9c4b19,2025-07-31T15:00:00,0.00,51891.90,3451097.16
synb1_txn_baa9214eb8530b9491919698,2025-08-02T15:00:00,0.00,93333.33,3544430.49
synb1_txn_65091c0f9ca802ac52620f3c,2025-08-03T09:00:00,41662.35,0.00,3502768.14
synb1_txn_c091c21f0f7aca410535dc52,2025-08-03T09:00:00,9339.95,0.00,3493428.19
synb1_txn_9d18a9c8af767b603280e211,2025-08-06T09:00:00,9858.85,0.00,3483569.34
synb1_txn_6e793ccdfedf2be6280faa69,2025-08-06T15:00:00,0.00,26666.67,3510236.01
synb1_txn_f6dc2bf16e343ab1f783321f,2025-08-07T09:00:00,158254.96,0.00,3351981.05
synb1_txn_999969b50b1350d38d4ea636,2025-08-10T15:00:00,0.00,24545.45,3376526.50
synb1_txn_befd4f5dc8cbba7ca29e3524,2025-08-11T15:00:00,0.00,47911.54,3424438.04
synb1_txn_884f69cc4022b264c0b26c37,2025-08-13T15:00:00,0.00,47432.43,3471870.47
synb1_txn_cb92c10cbbe07a26998d9c37,2025-08-14T09:00:00,9031.23,0.00,3462839.24
synb1_txn_3313e6a15f9835e9ee4f871b,2025-08-14T15:00:00,0.00,25454.55,3488293.79
synb1_txn_5aad3b6611885563ecd46bf3,2025-08-15T15:00:00,0.00,33495.49,3521789.28
synb1_txn_f82c905db20b300279bfa326,2025-08-15T15:00:00,0.00,83845.21,3605634.49
synb1_txn_079ff80c31d3f91bb188d24a,2025-08-17T09:00:00,13309.19,0.00,3592325.30
synb1_txn_daf47ee61d619e621642f206,2025-08-17T15:00:00,0.00,47432.43,3639757.73
synb1_txn_f3bb54eb35b1f95a4b6eab1c,2025-08-18T09:00:00,12141.53,0.00,3627616.20
synb1_txn_c7dc96b5b156db6b93854f7c,2025-08-19T15:00:00,0.00,24477.48,3652093.68
synb1_txn_573ba9cb650204a588983341,2025-08-20T09:00:00,30159.57,0.00,3621934.11
synb1_txn_cbba7150617f044e4b80743d,2025-08-21T09:00:00,42353.72,0.00,3579580.39
synb1_txn_8c7ebdde58211e61473a1bae,2025-08-21T09:00:00,10198.89,0.00,3569381.50
synb1_txn_4d14076b764d75a3f6b7b63a,2025-08-23T09:00:00,45239.37,0.00,3524142.13
synb1_txn_0e1fb466efdde08f26983760,2025-08-23T15:00:00,0.00,26736.98,3550879.11
synb1_txn_88cd94795644361080b87cd2,2025-08-24T09:00:00,16289.90,0.00,3534589.21
synb1_txn_79f009c307c93225e5c2beb9,2025-08-25T09:00:00,62003.87,0.00,3472585.34
synb1_txn_d385fb62df306ceddd314c50,2025-08-25T09:00:00,11561.17,0.00,3461024.17
synb1_txn_7ee7602a75bfe01a8bd94252,2025-08-26T15:00:00,0.00,26351.35,3487375.52
synb1_txn_7151147c8a8648531c0d4df1,2025-08-27T15:00:00,0.00,57587.37,3544962.89
synb1_txn_3879e4135bbcc1a1fffecfcb,2025-08-28T09:00:00,1679.18,0.00,3543283.71
synb1_txn_9f2bf03cf3820583cd0be312,2025-08-28T09:00:00,5850.00,0.00,3537433.71
synb1_txn_cdcf5ad61d28fc8ecc40a08d,2025-08-28T09:00:00,702.00,0.00,3536731.71
synb1_txn_276206d7ae89523b30f1c43a,2025-08-28T09:00:00,13571.81,0.00,3523159.90
synb1_txn_6ec1abc3a747cc8218ae7dcc,2025-08-29T15:00:00,0.00,33817.56,3556977.46
synb1_txn_296296cd0c574df6eaa51905,2025-08-30T09:00:00,15422.53,0.00,3541554.93
synb1_txn_c5a5240ff4000c35abc610ef,2025-08-30T15:00:00,0.00,39981.35,3581536.28
synb1_txn_0baf819158675300e8086dba,2025-08-30T15:00:00,0.00,26351.35,3607887.63
synb1_txn_b5e5b66def7d6fe55ac9acf1,2025-08-31T09:00:00,25473.53,0.00,3582414.10
synb1_txn_629a8142c42ca9a8aa4b713f,2025-09-02T09:00:00,12736.76,0.00,3569677.34
synb1_txn_e04ed48e005f7fee4842a725,2025-09-02T09:00:00,9710.49,0.00,3559966.85
synb1_txn_708cc562b91edf27df0d5861,2025-09-02T15:00:00,0.00,24155.41,3584122.26
synb1_txn_2f846adf8eba8e87941cb1ad,2025-09-03T09:00:00,41662.35,0.00,3542459.91
synb1_txn_19cfba450e113becf14e7494,2025-09-03T09:00:00,21999.88,0.00,3520460.03
synb1_txn_7a853051a2921372db490185,2025-09-03T15:00:00,0.00,17991.62,3538451.65
synb1_txn_7d96916db6c7cdc4c962f533,2025-09-03T15:00:00,0.00,27901.42,3566353.07
synb1_txn_3ec5813b6052fb65f66ed4db,2025-09-05T09:00:00,17981.33,0.00,3548371.74
synb1_txn_34c299a4800891b2fe7a57d5,2025-09-07T09:00:00,158254.96,0.00,3390116.78
synb1_txn_df1e845faa098d2c6ca9f173,2025-09-07T15:00:00,0.00,19531.01,3409647.79
synb1_txn_e9b35d9b45ea08866cdff5e8,2025-09-09T09:00:00,14271.23,0.00,3395376.56
synb1_txn_d32a4d819b25c3bcb1cf7967,2025-09-09T15:00:00,0.00,29433.96,3424810.52
synb1_txn_d0ea154448296fcae4c4ec7a,2025-09-12T09:00:00,9081.70,0.00,3415728.82
synb1_txn_57203ce58cfe2cb22339b413,2025-09-12T09:00:00,27245.08,0.00,3388483.74
synb1_txn_fe9facab5c1d168dece4f8df,2025-09-13T15:00:00,0.00,29433.96,3417917.70
synb1_txn_cff8839457ab2d2df1e4e303,2025-09-15T09:00:00,19460.78,0.00,3398456.92
synb1_txn_0cbcd81c600f3efffa7f2e37,2025-09-15T15:00:00,0.00,46748.05,3445204.97
synb1_txn_87def1b7402099a6402d6620,2025-09-17T09:00:00,34929.59,0.00,3410275.38
synb1_txn_31ee7b11e26f890287771618,2025-09-18T09:00:00,12737.96,0.00,3397537.42
synb1_txn_c01fd7b0881c99b57878cf16,2025-09-18T09:00:00,13379.94,0.00,3384157.48
synb1_txn_30358ebb578ae44891c1a33b,2025-09-19T09:00:00,24251.12,0.00,3359906.36
synb1_txn_8bd983635503a32f1ba392f8,2025-09-19T15:00:00,0.00,41553.83,3401460.19
synb1_txn_8e74198b3bea628f58321560,2025-09-20T09:00:00,9979.89,0.00,3391480.30
synb1_txn_9a6c4c6a05cf6757c1dee9a0,2025-09-21T09:00:00,10614.97,0.00,3380865.33
synb1_txn_74d8f17baeceab09979a7a80,2025-09-21T09:00:00,35122.35,0.00,3345742.98
synb1_txn_a97a635c9d69638ce9352b92,2025-09-22T09:00:00,24251.12,0.00,3321491.86
synb1_txn_066e72713d508be993854f62,2025-09-24T15:00:00,0.00,47055.62,3368547.48
synb1_txn_081357fe26cf600da58874dd,2025-09-25T09:00:00,62003.87,0.00,3306543.61
synb1_txn_5bdc3242f1c045556b28aee1,2025-09-27T15:00:00,0.00,31273.58,3337817.19
synb1_txn_a667783178f74976838bc5cf,2025-09-28T09:00:00,1679.18,0.00,3336138.01
synb1_txn_08bcad75bfba3d555cf2a968,2025-09-28T09:00:00,5850.00,0.00,3330288.01
synb1_txn_f4347f1175ffadf11b3d6eff,2025-09-28T09:00:00,702.00,0.00,3329586.01
synb1_txn_c03b386ab8c1149edbc3dc15,2025-09-28T15:00:00,0.00,52284.03,3381870.04
synb1_txn_a2d53d9d333ba78ea7911f1f,2025-10-01T09:00:00,12050.71,0.00,3369819.33
synb1_txn_c6f96c713a989525bfc6167c,2025-10-01T15:00:00,0.00,31273.58,3401092.91
synb1_txn_5b54ce6533f6ad6847053a30,2025-10-02T15:00:00,0.00,37137.38,3438230.29
synb1_txn_53cd84d1ffae677f77a843c1,2025-10-03T09:00:00,41662.35,0.00,3396567.94
synb1_txn_e9d804aa945c0a198160c8f2,2025-10-04T09:00:00,23810.83,0.00,3372757.11
synb1_txn_b65f51fc9153b9a058bb88ac,2025-10-04T09:00:00,13098.60,0.00,3359658.51
synb1_txn_93ba7b54ff6765cd92862a9f,2025-10-05T15:00:00,0.00,41102.42,3400760.93
synb1_txn_3d3ebec15640cc341531d7fa,2025-10-06T15:00:00,0.00,19811.31,3420572.24
synb1_txn_1d0fae633e71cbac5aa76187,2025-10-06T15:00:00,0.00,32768.28,3453340.52
synb1_txn_1a9459bcf727b1e027bb4cb1,2025-10-07T09:00:00,158254.96,0.00,3295085.56
synb1_txn_daf52f6b3e499bd105bdcc12,2025-10-07T09:00:00,22895.03,0.00,3272190.53
synb1_txn_3c53778ff66ed2dc922bcfea,2025-10-07T15:00:00,0.00,28207.54,3300398.07
synb1_txn_eb06a83e0ec0176bd4a89c40,2025-10-09T15:00:00,0.00,43520.22,3343918.29
synb1_txn_8da514d45621f5ae55e6568f,2025-10-10T15:00:00,0.00,16981.14,3360899.43
synb1_txn_39622f3560efb6bde3d6ae3a,2025-10-11T15:00:00,0.00,56415.10,3417314.53
synb1_txn_ba399a9a6781650a910914ed,2025-10-12T15:00:00,0.00,25688.94,3443003.47
synb1_txn_579ca60c9950545412c40311,2025-10-16T15:00:00,0.00,26759.33,3469762.80
synb1_txn_3facb5acbee4d5c61ac03464,2025-10-19T09:00:00,23663.42,0.00,3446099.38
synb1_txn_0eef24c9119b640594beebaf,2025-10-19T09:00:00,11866.51,0.00,3434232.87
synb1_txn_0d89031ea1b9de7a40e0f826,2025-10-19T09:00:00,11866.51,0.00,3422366.36
synb1_txn_a32d50db6ae0e78150942b14,2025-10-21T15:00:00,0.00,41435.22,3463801.58
synb1_txn_a55b05dbc06362028b489386,2025-10-21T15:00:00,0.00,22954.81,3486756.39
synb1_txn_a9a36cd330c09e0ebe25b46a,2025-10-22T09:00:00,13014.89,0.00,3473741.50
synb1_txn_0392f6b909efc7b52cc0a4c7,2025-10-22T09:00:00,13349.83,0.00,3460391.67
synb1_txn_ca16d425bd04877b23d8cf75,2025-10-22T09:00:00,24811.80,0.00,3435579.87
synb1_txn_33609893c69a9effb924c01c,2025-10-24T09:00:00,13037.99,0.00,3422541.88
synb1_txn_ae8d1519055edd939c6b12d6,2025-10-25T09:00:00,62003.87,0.00,3360538.01
synb1_txn_6ebec90e5013a28e95e63f42,2025-10-25T09:00:00,22923.94,0.00,3337614.07
synb1_txn_f4c6faac3600e9f30b30cb2e,2025-10-25T15:00:00,0.00,35219.95,3372834.02
synb1_txn_45bde659c71991eb34461a4a,2025-10-25T15:00:00,0.00,27874.60,3400708.62
synb1_txn_3b8c3793c3dd1bc2b63630a7,2025-10-25T15:00:00,0.00,37562.43,3438271.05
synb1_txn_612fd26b9f1a8ca14997a190,2025-10-26T09:00:00,23981.97,0.00,3414289.08
synb1_txn_14fef47dcf5062e6ad0bb481,2025-10-27T09:00:00,19055.53,0.00,3395233.55
synb1_txn_bd62450e54ec5a18ce3cefe0,2025-10-27T15:00:00,0.00,46022.98,3441256.53
synb1_txn_c2d90d8c746aaf95686e4905,2025-10-28T09:00:00,1679.18,0.00,3439577.35
synb1_txn_9c5582324e727e13cdafa791,2025-10-28T09:00:00,5850.00,0.00,3433727.35
synb1_txn_ba3d94f6ff929df1148c0d3c,2025-10-28T09:00:00,702.00,0.00,3433025.35
synb1_txn_3e4949079d678e9586a3d9b1,2025-10-28T09:00:00,34385.92,0.00,3398639.43
synb1_txn_3fd06f47f80cfabb793b783f,2025-10-29T09:00:00,14988.74,0.00,3383650.69
synb1_txn_771e64d4729ac05e5d79f7e5,2025-10-29T15:00:00,0.00,48780.57,3432431.26
synb1_txn_23feaacf852085fcc3382565,2025-10-30T15:00:00,0.00,49797.04,3482228.30
synb1_txn_847595a0551237b1ea3fa13c,2025-10-30T15:00:00,0.00,41435.24,3523663.54
synb1_txn_36152e4b60b71e558fe15b1a,2025-10-31T15:00:00,0.00,42735.64,3566399.18
synb1_txn_a3ed1d6e4810c8465109cee9,2025-11-01T09:00:00,24757.86,0.00,3541641.32
synb1_txn_c785fd91f8dd2aef1253773d,2025-11-01T09:00:00,10269.95,0.00,3531371.37
synb1_txn_e5f7b5ad67fdacd6ec07953d,2025-11-03T09:00:00,41662.35,0.00,3489709.02
synb1_txn_acb1a6745b32ecc63a6b7c21,2025-11-03T15:00:00,0.00,59133.99,3548843.01
synb1_txn_3ee1f01dc647938a33d41e9a,2025-11-03T15:00:00,0.00,23954.73,3572797.74
synb1_txn_3e018a1286796b43901e5fef,2025-11-03T15:00:00,0.00,39254.44,3612052.18
synb1_txn_5efb13b36663b5d1da43f562,2025-11-04T09:00:00,37136.79,0.00,3574915.39
synb1_txn_590627857e7eb059b798475f,2025-11-04T09:00:00,8069.25,0.00,3566846.14
synb1_txn_41978ca0148c18eb6456f366,2025-11-07T09:00:00,158254.96,0.00,3408591.18
synb1_txn_cf08c5ec3a44c8113f4b8906,2025-11-07T15:00:00,0.00,16390.09,3424981.27
synb1_txn_d451e0a42d4e714a84661e4a,2025-11-09T15:00:00,0.00,28155.07,3453136.34
synb1_txn_e43f38ae1e264564f824d74f,2025-11-11T09:00:00,23729.59,0.00,3429406.75
synb1_txn_56b3a5d2c68e00a64d2376a0,2025-11-13T15:00:00,0.00,49411.76,3478818.51
synb1_txn_8c836c9a45753985a938430e,2025-11-13T15:00:00,0.00,75080.22,3553898.73
synb1_txn_0c3cb742aa55ca00b226d973,2025-11-14T09:00:00,32856.36,0.00,3521042.37
synb1_txn_28117dc72593b7dd2793a098,2025-11-15T09:00:00,17637.18,0.00,3503405.19
synb1_txn_50be2c9490688f2fcb84c200,2025-11-16T09:00:00,17290.15,0.00,3486115.04
synb1_txn_ca0ac4767f53f685b720721f,2025-11-17T15:00:00,0.00,30882.35,3516997.39
synb1_txn_7f0bafe58d4fc1f788ac37cb,2025-11-18T09:00:00,14697.65,0.00,3502299.74
synb1_txn_064c7fe8a871f9a563b3b39c,2025-11-18T09:00:00,17322.24,0.00,3484977.50
synb1_txn_90c5ca36eae4d001f8664716,2025-11-19T09:00:00,25149.31,0.00,3459828.19
synb1_txn_b7188f9e0c3552143a02f907,2025-11-21T09:00:00,23096.34,0.00,3436731.85
synb1_txn_be0288bd60d652f0b3a6dfb0,2025-11-23T09:00:00,11598.36,0.00,3425133.49
synb1_txn_d977fab2ee2a2ae5374a1fb0,2025-11-23T09:00:00,27787.73,0.00,3397345.76
synb1_txn_4e671b64554ca4bf38028fbf,2025-11-24T09:00:00,17831.70,0.00,3379514.06
synb1_txn_c3ab258288d8692a3aade872,2025-11-25T09:00:00,62003.87,0.00,3317510.19
synb1_txn_23529f9ff51ad85ecbdaf1d9,2025-11-25T15:00:00,0.00,22837.83,3340348.02
synb1_txn_2effec49123f7df499bacb9e,2025-11-25T15:00:00,0.00,62838.87,3403186.89
synb1_txn_b4a127342b1c4ea2b0740642,2025-11-26T09:00:00,12652.76,0.00,3390534.13
synb1_txn_5bc1284f4827df2c468b49bc,2025-11-26T09:00:00,12630.80,0.00,3377903.33
synb1_txn_bb9ab8ad7aa9c76ea080dd5c,2025-11-26T09:00:00,16339.40,0.00,3361563.93
synb1_txn_5a0353985061fbe8a99e3c83,2025-11-26T15:00:00,0.00,29923.26,3391487.19
synb1_txn_33b03c719030bdd247e8e60d,2025-11-27T09:00:00,12482.20,0.00,3379004.99
synb1_txn_620d64a6b577d1c1ef7dc983,2025-11-28T09:00:00,1679.18,0.00,3377325.81
synb1_txn_3a9b01bc9e8bafa91d792999,2025-11-28T09:00:00,5850.00,0.00,3371475.81
synb1_txn_fc7a9e91e5183a40fca21040,2025-11-28T09:00:00,702.00,0.00,3370773.81
synb1_txn_3805d55f624bba85eebe180e,2025-11-28T15:00:00,0.00,12904.41,3383678.22
synb1_txn_fda0cfbd5cb4009343644d4f,2025-11-29T09:00:00,24079.13,0.00,3359599.09
synb1_txn_731bfb1e331317afc10fe91e,2025-11-29T15:00:00,0.00,42162.17,3401761.26
synb1_txn_d23080ef11a2e0161ceb62a7,2025-11-29T15:00:00,0.00,47535.76,3449297.02
synb1_txn_46c39152fe91af888c414aed,2025-11-29T15:00:00,0.00,44219.95,3493516.97
synb1_txn_dae33ca33fe537c64a67bc51,2025-11-30T15:00:00,0.00,38900.26,3532417.23
synb1_txn_76fd8b21838e7ce266f46230,2025-12-01T15:00:00,0.00,27614.40,3560031.63
synb1_txn_1481742675aac56dccba2d3f,2025-12-02T15:00:00,0.00,21507.35,3581538.98
synb1_txn_25faf9c44e2e1fe33636174e,2025-12-03T09:00:00,41662.35,0.00,3539876.63
synb1_txn_200cb00fcdc6a91725629baf,2025-12-03T15:00:00,0.00,28934.82,3568811.45
synb1_txn_d0ca4d10344c6cb5c94fe53e,2025-12-05T15:00:00,0.00,22091.52,3590902.97
synb1_txn_14ef512b42eec9ac4116b340,2025-12-07T09:00:00,158254.96,0.00,3432648.01
synb1_txn_5cbf52029b3eb7d16a983df1,2025-12-09T09:00:00,18685.65,0.00,3413962.36
synb1_txn_d4d98a2d3222e01b50a76ede,2025-12-12T09:00:00,11041.53,0.00,3402920.83
synb1_txn_997f2123eeba3a2c502cd656,2025-12-13T09:00:00,18674.76,0.00,3384246.07
synb1_txn_31df2e215b7f440fd8aa3e6e,2025-12-13T15:00:00,0.00,58995.56,3443241.63
synb1_txn_05ef7fb2f0147f1217524f30,2025-12-15T09:00:00,17616.10,0.00,3425625.53
synb1_txn_ee25d485a1b23103df25851c,2025-12-16T09:00:00,16006.95,0.00,3409618.58
synb1_txn_8171a0936572199033c69e51,2025-12-17T15:00:00,0.00,50146.23,3459764.81
synb1_txn_2fd76a360342faa6a16c9fb5,2025-12-18T09:00:00,22020.14,0.00,3437744.67
synb1_txn_21e6626d389ec1e622c8568d,2025-12-19T09:00:00,9909.06,0.00,3427835.61
synb1_txn_14fe031e0acc57db7b090047,2025-12-22T09:00:00,14863.59,0.00,3412972.02
synb1_txn_90cf260afebc225822321567,2025-12-23T09:00:00,10861.85,0.00,3402110.17
synb1_txn_3d1066159e239032da5c3905,2025-12-23T15:00:00,0.00,32870.93,3434981.10
synb1_txn_b115ee757340d73dd3aab9b3,2025-12-23T15:00:00,0.00,17569.16,3452550.26
synb1_txn_9f77117a12a522040e5faba7,2025-12-25T09:00:00,62003.87,0.00,3390546.39
synb1_txn_f733a3bad91100d5dda227f6,2025-12-25T15:00:00,0.00,17288.05,3407834.44
synb1_txn_556c522d67ec9f7292fe72c4,2025-12-26T09:00:00,11433.53,0.00,3396400.91
synb1_txn_0cf7c9ca735e9bd348b36fe1,2025-12-27T15:00:00,0.00,36979.81,3433380.72
synb1_txn_31296dfc3c15eed2cb6de8ea,2025-12-27T15:00:00,0.00,27325.87,3460706.59
synb1_txn_3866d150985d5d851f13bbbf,2025-12-27T15:00:00,0.00,30453.22,3491159.81
synb1_txn_d2de410da39f93dc90b3e478,2025-12-29T09:00:00,1679.18,0.00,3489480.63
synb1_txn_f3fc3545fe1ab48bcef9d4a8,2025-12-29T09:00:00,5850.00,0.00,3483630.63
synb1_txn_188a61ed6f0f719fc58c300f,2025-12-29T09:00:00,702.00,0.00,3482928.63
synb1_txn_02a02885680faff31b56183e,2025-12-29T09:00:00,30523.44,0.00,3452405.19
synb1_txn_94634679545ed212a154b220,2025-12-29T15:00:00,0.00,22002.99,3474408.18
synb1_txn_6cbd97d0898a4183230ccf8e,2025-12-30T09:00:00,23781.74,0.00,3450626.44
synb1_txn_8b07be927a2054e8cd2d913b,2025-12-31T15:00:00,0.00,29427.86,3480054.30
synb1_txn_c2f9236cb3829cd80453ec5c,2026-01-01T09:00:00,26453.66,0.00,3453600.64
synb1_txn_ae0079439fbc6321f28b064b,2026-01-02T09:00:00,15854.50,0.00,3437746.14
synb1_txn_2dd1ed468353aacc0204b6c1,2026-01-02T09:00:00,30418.53,0.00,3407327.61
synb1_txn_7f4ada1fe10a9c51e710b617,2026-01-03T09:00:00,41662.35,0.00,3365665.26
synb1_txn_9ab7ec2f8f09a8a581ded608,2026-01-04T15:00:00,0.00,58694.02,3424359.28
synb1_txn_4ed7fac7fa014306677d4112,2026-01-05T09:00:00,29035.87,0.00,3395323.41
synb1_txn_32288f1138954a63a9087e60,2026-01-07T09:00:00,158254.96,0.00,3237068.45
synb1_txn_aca55181521df4e6cd2230b6,2026-01-08T15:00:00,0.00,37350.75,3274419.20
synb1_txn_2fcfba3d7c1c6fb28610afe1,2026-01-08T15:00:00,0.00,52388.07,3326807.27
synb1_txn_63c2c27cdaa08462f2e2526b,2026-01-10T15:00:00,0.00,31888.38,3358695.65
synb1_txn_6ea220d48aa165a54d26b976,2026-01-12T15:00:00,0.00,52388.08,3411083.73
synb1_txn_f6a76e6fd351f921439a5608,2026-01-13T15:00:00,0.00,46740.17,3457823.90
synb1_txn_43c891ec658811e7b4a0b1d9,2026-01-14T15:00:00,0.00,29231.02,3487054.92
synb1_txn_cb47618572b495361c0a6576,2026-01-17T15:00:00,0.00,51414.19,3538469.11
synb1_txn_2671fc1b068db78dd167550d,2026-01-18T15:00:00,0.00,32718.11,3571187.22
synb1_txn_10b1b3a027e423d5273bfe0d,2026-01-19T09:00:00,9829.78,0.00,3561357.44
synb1_txn_9a1515d836cb81a65b8fcfdc,2026-01-19T09:00:00,32525.03,0.00,3528832.41
synb1_txn_f7efbd6d160b9ac6f2521352,2026-01-21T09:00:00,12778.72,0.00,3516053.69
synb1_txn_c860f644f863c970783aa509,2026-01-22T09:00:00,22936.18,0.00,3493117.51
synb1_txn_4a2cf677814b7e0a32c29ba3,2026-01-22T09:00:00,22767.53,0.00,3470349.98
synb1_txn_4e6c91727ffb93feb656d300,2026-01-22T09:00:00,19848.60,0.00,3450501.38
synb1_txn_cb6cfd98f76196a1729090ca,2026-01-22T09:00:00,19966.75,0.00,3430534.63
synb1_txn_a221d1e7ff3006a1ca785e5a,2026-01-22T15:00:00,0.00,26174.50,3456709.13
synb1_txn_d4661655d90e50d8fb5bb2ad,2026-01-22T15:00:00,0.00,51601.14,3508310.27
synb1_txn_714f7847702dc51d8a4fc22e,2026-01-23T09:00:00,17335.47,0.00,3490974.80
synb1_txn_4afb10e7a48db475785fc27d,2026-01-24T09:00:00,11795.75,0.00,3479179.05
synb1_txn_0944ac21d2d673df96195d58,2026-01-25T09:00:00,62003.87,0.00,3417175.18
synb1_txn_1d783abe724aa60f1b679f06,2026-01-25T09:00:00,23156.72,0.00,3394018.46
synb1_txn_7925b1fbc9df4641b9d59df0,2026-01-25T09:00:00,33277.93,0.00,3360740.53
synb1_txn_bd89421f11956589de6f2387,2026-01-26T09:00:00,9286.87,0.00,3351453.66
synb1_txn_87e9d937dec581fc08b9ed4b,2026-01-26T15:00:00,0.00,58331.74,3409785.40
synb1_txn_805baa09efd1e46c7c53452d,2026-01-27T15:00:00,0.00,38990.99,3448776.39
synb1_txn_02f514769c1513fd8b3af412,2026-01-28T09:00:00,1679.18,0.00,3447097.21
synb1_txn_93907679a46402c208bdd7ff,2026-01-28T09:00:00,5850.00,0.00,3441247.21
synb1_txn_e55cd56f40c15f4536dc0277,2026-01-28T09:00:00,702.00,0.00,3440545.21
synb1_txn_c928b2d9008134743c2bc9ff,2026-01-28T15:00:00,0.00,21016.58,3461561.79
synb1_txn_795b3f1f798198d1c5322f84,2026-01-28T15:00:00,0.00,61837.24,3523399.03
synb1_txn_a6a79ccd4e65e3e948241da3,2026-01-31T09:00:00,16382.98,0.00,3507016.05
synb1_txn_54da9b42d3afe0c9189592f1,2026-01-31T15:00:00,0.00,31680.19,3538696.24
synb1_txn_ef2072df96d508f406e4aae4,2026-02-01T15:00:00,0.00,33949.86,3572646.10
synb1_txn_1d9f459364ef936e62aaa144,2026-02-01T15:00:00,0.00,48095.64,3620741.74
synb1_txn_0688fb7d16259c4418512fc9,2026-02-03T09:00:00,41662.35,0.00,3579079.39
synb1_txn_31c232de63ced633b4ad615d,2026-02-03T09:00:00,24574.47,0.00,3554504.92
synb1_txn_a57a73f11286c42c0b0ea1e3,2026-02-03T09:00:00,12433.52,0.00,3542071.40
synb1_txn_3c7bf9a0e065c81611db0bd0,2026-02-05T15:00:00,0.00,16001.01,3558072.41
synb1_txn_9160c68e4b13b4926f66a62d,2026-02-06T09:00:00,18284.60,0.00,3539787.81
synb1_txn_9d19586dd04ae4f47edf1fb6,2026-02-06T15:00:00,0.00,26343.36,3566131.17
synb1_txn_93af6e014ff5f90b932d7280,2026-02-07T09:00:00,158254.96,0.00,3407876.21
synb1_txn_1f6335142ac533a30ac43854,2026-02-09T15:00:00,0.00,15408.38,3423284.59
synb1_txn_f4d4fb11f0f887196b76238a,2026-02-10T15:00:00,0.00,24696.90,3447981.49
synb1_txn_c5de3fad5f276b36cbb9c728,2026-02-15T09:00:00,16430.60,0.00,3431550.89
synb1_txn_9ee3e174d80bd85d5e1c4c83,2026-02-17T09:00:00,8980.70,0.00,3422570.19
synb1_txn_6ff18cfca69f18408c7fc1ed,2026-02-18T09:00:00,14287.49,0.00,3408282.70
synb1_txn_c98db177fcebfa3289fdec58,2026-02-19T09:00:00,21447.80,0.00,3386834.90
synb1_txn_49a0f80f38c36ab9a5621058,2026-02-19T09:00:00,16342.62,0.00,3370492.28
synb1_txn_ab078779b8442f53604e08d4,2026-02-19T15:00:00,0.00,29833.27,3400325.55
synb1_txn_08d21f60fb4e76e255fc682a,2026-02-20T09:00:00,8572.49,0.00,3391753.06
synb1_txn_bce8c8239ffe2bdcbfbeea36,2026-02-20T15:00:00,0.00,36335.40,3428088.46
synb1_txn_afe162b1764f817d120e6b6b,2026-02-22T09:00:00,29017.63,0.00,3399070.83
synb1_txn_a58a5e775729137a23287939,2026-02-22T09:00:00,42899.41,0.00,3356171.42
synb1_txn_a0ef94e874f4750539221746,2026-02-22T15:00:00,0.00,27130.43,3383301.85
synb1_txn_eaa25f1a99a5e9f897714b3b,2026-02-22T15:00:00,0.00,22308.24,3405610.09
synb1_txn_209526b0961c152adbf537ab,2026-02-23T15:00:00,0.00,57371.69,3462981.78
synb1_txn_4ac999f0bdb5768379dd0baa,2026-02-24T15:00:00,0.00,31881.38,3494863.16
synb1_txn_c352c48416d543998e06a790,2026-02-24T15:00:00,0.00,65403.73,3560266.89
synb1_txn_40cee723ca5650b6215456a2,2026-02-25T09:00:00,62003.87,0.00,3498263.02
synb1_txn_30ce4ce1e5cbc1b23e3cc9c9,2026-02-25T09:00:00,27878.60,0.00,3470384.42
synb1_txn_fc4ebbc89d3e3aa57cef1f93,2026-02-26T09:00:00,22986.32,0.00,3447398.10
synb1_txn_7e11c80122c62eec7c533bb5,2026-02-26T15:00:00,0.00,74608.70,3522006.80
synb1_txn_c93de1b87ae297d965815598,2026-02-26T15:00:00,0.00,17660.70,3539667.50
synb1_txn_d4065dded1b8fb600a43cad0,2026-02-27T09:00:00,19747.35,0.00,3519920.15
synb1_txn_acb97514d0c9bc6501ffefec,2026-02-28T09:00:00,1679.18,0.00,3518240.97
synb1_txn_3feeeae0b87ce15da738b4cd,2026-02-28T09:00:00,5850.00,0.00,3512390.97
synb1_txn_fadf6c104fc84909081ac0f0,2026-02-28T09:00:00,702.00,0.00,3511688.97
synb1_txn_d8975a56db8814b0ae225e1c,2026-02-28T09:00:00,24780.98,0.00,3486907.99
synb1_txn_83723684aa9d9ac38a017402,2026-02-28T15:00:00,0.00,31904.25,3518812.24
synb1_txn_684dc53e5abde165125f2c6a,2026-02-28T15:00:00,0.00,26255.26,3545067.50
synb1_txn_0a5363d00f5b04d1ab7d5570,2026-03-01T09:00:00,20896.66,0.00,3524170.84
synb1_txn_cd52fcff16d9d71805da5bac,2026-03-02T09:00:00,15359.06,0.00,3508811.78
synb1_txn_8e3bf3cc4a69d8118073ea40,2026-03-03T09:00:00,41662.35,0.00,3467149.43
synb1_txn_f61d04d872986e95db217c68,2026-03-03T15:00:00,0.00,34411.76,3501561.19
synb1_txn_e6020776c06e9ef54af00866,2026-03-04T09:00:00,9273.38,0.00,3492287.81
synb1_txn_a7ee452a05797ad822b9987b,2026-03-04T15:00:00,0.00,33499.47,3525787.28
synb1_txn_ad68cfb07201407e5fdd7b15,2026-03-07T09:00:00,158254.96,0.00,3367532.32
synb1_txn_4c920ceacc342d29c4fdce52,2026-03-07T09:00:00,8279.81,0.00,3359252.51
synb1_txn_2b35181df5915a607f5cdd34,2026-03-07T15:00:00,0.00,49159.66,3408412.17
synb1_txn_6bf331aa7167c23ee27a717a,2026-03-08T15:00:00,0.00,25507.47,3433919.64
synb1_txn_59f9ef7a6052bc95fa88963b,2026-03-12T15:00:00,0.00,21728.59,3455648.23
synb1_txn_2600d8d5ed30e6b042ba7513,2026-03-16T09:00:00,17537.53,0.00,3438110.70
synb1_txn_8dedc8394ca4872657c6c889,2026-03-16T15:00:00,0.00,31894.59,3470005.29
synb1_txn_9b95aa849904f0f0caa5801f,2026-03-17T09:00:00,23062.66,0.00,3446942.63
synb1_txn_3568ea1fa88b57094c414f55,2026-03-19T09:00:00,24114.11,0.00,3422828.52
synb1_txn_047e12cb8f3aaa3536c63e22,2026-03-20T09:00:00,23855.03,0.00,3398973.49
synb1_txn_8de69fd7b4768a5802558854,2026-03-20T09:00:00,22059.95,0.00,3376913.54
synb1_txn_dde8e400034cbb578bc2b744,2026-03-20T15:00:00,0.00,34020.90,3410934.44
synb1_txn_69d33a0ba7c3fdf270b26722,2026-03-21T09:00:00,13369.66,0.00,3397564.78
synb1_txn_1536c7f51613ce2fa83512e3,2026-03-21T15:00:00,0.00,22658.45,3420223.23
synb1_txn_304c37f40b974223ecf9e72d,2026-03-23T09:00:00,20071.26,0.00,3400151.97
synb1_txn_d8ba87b0a8157c1835756455,2026-03-23T09:00:00,23003.07,0.00,3377148.90
synb1_txn_cb536c85b01b5cbe895e3212,2026-03-24T09:00:00,31752.95,0.00,3345395.95
synb1_txn_dc604d2f21222734622add22,2026-03-25T09:00:00,62003.87,0.00,3283392.08
synb1_txn_c3fb4556b9374ff3a54d6d03,2026-03-25T15:00:00,0.00,22658.45,3306050.53
synb1_txn_2c1f62db94a04a7809b8b1b1,2026-03-26T09:00:00,12902.96,0.00,3293147.57
synb1_txn_dd5cb3dfaf8f460200c7c449,2026-03-26T15:00:00,0.00,66739.43,3359887.00
synb1_txn_d5a57ca583cb9cb707ebf100,2026-03-26T15:00:00,0.00,52660.74,3412547.74
synb1_txn_9402d30a68873ac251f85f2d,2026-03-27T09:00:00,7809.70,0.00,3404738.04
synb1_txn_bfa5c85d759336edb20a2a24,2026-03-28T15:00:00,0.00,74383.79,3479121.83
synb1_txn_02ea9b89cd23ef3835d77c4e,2026-03-30T09:00:00,1679.18,0.00,3477442.65
synb1_txn_51965898eb121bda98215c7f,2026-03-30T09:00:00,5850.00,0.00,3471592.65
synb1_txn_53fee5140b99785461d20cd7,2026-03-30T09:00:00,702.00,0.00,3470890.65
synb1_txn_aed35b9fde7462cbcdf7118d,2026-03-30T09:00:00,7809.71,0.00,3463080.94
synb1_txn_3fa660c3bf98992c06e91b82,2026-03-30T15:00:00,0.00,44492.96,3507573.90
synb1_txn_df7b5be85aa4aa42c9dbbf55,2026-03-30T15:00:00,0.00,33853.34,3541427.24
synb1_txn_ca436f24946a51a7c8127024,2026-03-31T09:00:00,18241.05,0.00,3523186.19
synb1_txn_0ee2223d5ab27633284f83ac,2026-03-31T15:00:00,0.00,16478.88,3539665.07
synb1_txn_b09a39b96f24d4efeafe68a4,2026-04-01T09:00:00,13349.88,0.00,3526315.19
synb1_txn_e22b02fea77352d8cd713a33,2026-04-01T15:00:00,0.00,51735.99,3578051.18
synb1_txn_27c539f3951c25b2911e89f4,2026-04-01T15:00:00,0.00,31350.04,3609401.22
synb1_txn_9bcea845f6b81b4e8f6e197c,2026-04-01T15:00:00,0.00,28609.16,3638010.38
synb1_txn_48e15d899a4332b14d59bd40,2026-04-03T09:00:00,41662.35,0.00,3596348.03
synb1_txn_0eaab50445d4b7a733ca75b8,2026-04-03T09:00:00,26881.56,0.00,3569466.47
synb1_txn_35400ed6a75bdd5ab2fea526,2026-04-04T09:00:00,21359.82,0.00,3548106.65
synb1_txn_852d28b559e4a53a71aca4b0,2026-04-04T15:00:00,0.00,20598.62,3568705.27
synb1_txn_4f0782c076d3e7bb09e7afc3,2026-04-05T15:00:00,0.00,30658.37,3599363.64
synb1_txn_502cf46e3ab98e0b824ee94b,2026-04-05T15:00:00,0.00,22206.29,3621569.93
synb1_txn_9790f0d5ce210340ecfe8b35,2026-04-07T09:00:00,158254.96,0.00,3463314.97
synb1_txn_25cbcc07f2dc80c4a488f02b,2026-04-12T09:00:00,20087.27,0.00,3443227.70
synb1_txn_bc1458c162d40f351130066e,2026-04-14T15:00:00,0.00,24375.00,3467602.70
synb1_txn_57175fa4cbecdcdb1f2afc86,2026-04-15T09:00:00,12361.41,0.00,3455241.29
synb1_txn_ce643da243b8059fcdde93bd,2026-04-17T09:00:00,24722.80,0.00,3430518.49
synb1_txn_cf6879ac70e148c361680f97,2026-04-18T09:00:00,20767.15,0.00,3409751.34
synb1_txn_6d52fcfed936406a7eebffda,2026-04-18T15:00:00,0.00,39375.00,3449126.34
synb1_txn_5b09b8f30bceac5ea4316707,2026-04-19T09:00:00,27532.21,0.00,3421594.13
synb1_txn_dc19b907f3dd14b552e09536,2026-04-19T09:00:00,10343.03,0.00,3411251.10
synb1_txn_fd9e7ef749c1875683f59ea1,2026-04-20T09:00:00,9889.13,0.00,3401361.97
synb1_txn_af98e931d414ce4e72e52299,2026-04-21T09:00:00,31150.74,0.00,3370211.23
synb1_txn_4621e75a8797da02c6080fff,2026-04-22T09:00:00,17833.58,0.00,3352377.65
synb1_txn_1312845e128e396e0f5bc9a2,2026-04-22T09:00:00,26548.93,0.00,3325828.72
synb1_txn_ffd569eabc8e04e987562de2,2026-04-22T09:00:00,11693.21,0.00,3314135.51
synb1_txn_24f8281f5a9a5ac2624bf8b8,2026-04-22T09:00:00,9126.22,0.00,3305009.29
synb1_txn_801fd08bcac570610a4dcfa1,2026-04-24T15:00:00,0.00,33317.30,3338326.59
synb1_txn_0b4c0b86f06a9bbbefdf5f5c,2026-04-24T15:00:00,0.00,24324.32,3362650.91
synb1_txn_dde8706dda70e0ddb6277087,2026-04-24T15:00:00,0.00,35514.70,3398165.61
synb1_txn_d38e547bd085902a84d2a4fa,2026-04-25T09:00:00,62003.87,0.00,3336161.74
synb1_txn_d09fc39666ca64cb2db95dcf,2026-04-25T09:00:00,10288.61,0.00,3325873.13
synb1_txn_99eb4467048ace75865635df,2026-04-25T09:00:00,31571.70,0.00,3294301.43
synb1_txn_ca24f8072f9449a68ae2be8a,2026-04-26T15:00:00,0.00,20663.26,3314964.69
synb1_txn_c69e2500190dc982232ee92f,2026-04-27T15:00:00,0.00,33870.96,3348835.65
synb1_txn_c84326a24171a0d966e49104,2026-04-28T09:00:00,1679.18,0.00,3347156.47
synb1_txn_ca82ddc9dfed3d534e079fc6,2026-04-28T09:00:00,5850.00,0.00,3341306.47
synb1_txn_1452dfb2a50e0ea32e13dd1c,2026-04-28T09:00:00,702.00,0.00,3340604.47
synb1_txn_fd14794bb5b78ebf3e436ceb,2026-04-28T09:00:00,24516.78,0.00,3316087.69
synb1_txn_063af176d60588c0f2018028,2026-04-28T15:00:00,0.00,45432.70,3361520.39
synb1_txn_1e8bc009f50320e9f24cd363,2026-04-28T15:00:00,0.00,31925.68,3393446.07
synb1_txn_e0302596e00a15d868673f51,2026-04-28T15:00:00,0.00,43235.30,3436681.37
synb1_txn_ab7a1782fb9adc214c205e2c,2026-04-30T15:00:00,0.00,16836.74,3453518.11
synb1_txn_b70288799fd1e8167aa6a379,2026-05-01T09:00:00,18748.13,0.00,3434769.98
synb1_txn_c26dcce1ea38c550935bc4b2,2026-05-01T15:00:00,0.00,41129.04,3475899.02
synb1_txn_13049514de2aee05ae57005d,2026-05-03T09:00:00,41662.35,0.00,3434236.67
synb1_txn_20ee697adb180a6a3387eda0,2026-05-04T15:00:00,0.00,49479.16,3483715.83
synb1_txn_a051c5840263624f3dc2e712,2026-05-07T09:00:00,158254.96,0.00,3325460.87
synb1_txn_ad99e7fc5c6be051860dce94,2026-05-08T15:00:00,0.00,44270.84,3369731.71
synb1_txn_bea8c9fa99c8ee9b1b947d23,2026-05-12T09:00:00,18814.82,0.00,3350916.89
synb1_txn_d62474a22c829c60bb1d5597,2026-05-12T15:00:00,0.00,45239.36,3396156.25
synb1_txn_8329160f82465a83b33bcf9c,2026-05-14T15:00:00,0.00,30283.06,3426439.31
synb1_txn_e5308fc7b0f7ca24c5654580,2026-05-15T09:00:00,24190.50,0.00,3402248.81
synb1_txn_bbca8dac12a4c6aa1d1f51bb,2026-05-16T15:00:00,0.00,56010.64,3458259.45
synb1_txn_80276cd3c0bfe51b7e90a50b,2026-05-16T15:00:00,0.00,17154.13,3475413.58
synb1_txn_ff4f2edb0a6223fd1c56e307,2026-05-18T09:00:00,35545.23,0.00,3439868.35
synb1_txn_fd742e9d6b6e3d4c2f544f05,2026-05-18T15:00:00,0.00,19749.83,3459618.18
synb1_txn_2f37459ab1372fe48d8de1bf,2026-05-19T09:00:00,29566.15,0.00,3430052.03
synb1_txn_6d50637168630f96a13ba79b,2026-05-20T09:00:00,18697.96,0.00,3411354.07
synb1_txn_47e3d1b057eb6a5d18dcc177,2026-05-20T15:00:00,0.00,29030.08,3440384.15
synb1_txn_c18ae38ed13f58d42ce47420,2026-05-21T09:00:00,19747.36,0.00,3420636.79
synb1_txn_802a5076566123a6444478cd,2026-05-22T09:00:00,13439.17,0.00,3407197.62
synb1_txn_8b21b759df8c840c22bb7ab8,2026-05-22T15:00:00,0.00,27869.78,3435067.40
synb1_txn_fecdd556bb5a9770287c5666,2026-05-23T09:00:00,12020.13,0.00,3423047.27
synb1_txn_411ff0a9117895d0affde228,2026-05-24T09:00:00,26878.32,0.00,3396168.95
synb1_txn_0db25098385d7b751d13a6d8,2026-05-25T09:00:00,62003.87,0.00,3334165.08
synb1_txn_c51372471338a6d7a409b62f,2026-05-25T15:00:00,0.00,57730.25,3391895.33
synb1_txn_88406f4ac72bd361bf974efa,2026-05-26T15:00:00,0.00,29860.48,3421755.81
synb1_txn_1a8820517442964fe36dd90a,2026-05-27T09:00:00,16127.00,0.00,3405628.81
synb1_txn_52eb1db4e5b5cb6f46730a35,2026-05-27T15:00:00,0.00,71255.63,3476884.44
synb1_txn_383f3183a2dc8e5e3009b261,2026-05-28T09:00:00,1679.18,0.00,3475205.26
synb1_txn_9adeb273b73c5004d0a8754e,2026-05-28T09:00:00,5850.00,0.00,3469355.26
synb1_txn_4268563315ddb94ae9d931a6,2026-05-28T09:00:00,702.00,0.00,3468653.26
synb1_txn_8fc0054d65749c5bd382bbd0,2026-05-29T15:00:00,0.00,16300.30,3484953.56
synb1_txn_5e0a02126c35a077eb73cd4d,2026-05-29T15:00:00,0.00,50032.90,3534986.46
synb1_txn_885fe3c968e0b794d5add906,2026-05-31T15:00:00,0.00,21112.79,3556099.25
synb1_txn_cd3d066d6f6624975fe81355,2026-06-01T09:00:00,14550.67,0.00,3541548.58
synb1_txn_c20c04c0182b0d03da9955ab,2026-06-02T09:00:00,9494.68,0.00,3532053.90
synb1_txn_7cb2bce7b39e99ddb9875751,2026-06-02T09:00:00,15359.04,0.00,3516694.86
synb1_txn_aba879cdfafbf8126fe8ade8,2026-06-02T15:00:00,0.00,45278.64,3561973.50
synb1_txn_912a053aaede3733eed60208,2026-06-03T09:00:00,41662.35,0.00,3520311.15
synb1_txn_6bef399cd748d1c739d5cfa2,2026-06-03T15:00:00,0.00,36134.86,3556446.01
synb1_txn_efa99d0741b7a1effe1a9f0e,2026-06-04T09:00:00,22311.03,0.00,3534134.98
synb1_txn_0b9a03ea096d91514d27380b,2026-06-05T09:00:00,15079.79,0.00,3519055.19
synb1_txn_138337921b0ce2121797fe71,2026-06-05T09:00:00,15359.05,0.00,3503696.14
synb1_txn_979e91e0e46b42a8026453d2,2026-06-05T15:00:00,0.00,44084.95,3547781.09
synb1_txn_e2dbaccedb49135ad037bc8a,2026-06-07T09:00:00,158254.96,0.00,3389526.13
synb1_txn_46e1ddfea2ace0928a7ce1d4,2026-06-07T15:00:00,0.00,63930.92,3453457.05
synb1_txn_5978069031f0edb734908ead,2026-06-09T15:00:00,0.00,25191.40,3478648.45
synb1_txn_2bfd60c422910b53093b626c,2026-06-13T09:00:00,31878.46,0.00,3446769.99
synb1_txn_06f4863fc9950951ed6a8f77,2026-06-15T09:00:00,30216.71,0.00,3416553.28
synb1_txn_41f28bca3965da8579b355cd,2026-06-16T09:00:00,16200.63,0.00,3400352.65
synb1_txn_21b5a0b620d4b2dbb32a6da1,2026-06-16T09:00:00,10201.11,0.00,3390151.54
synb1_txn_267969bb59c3021154148baa,2026-06-17T09:00:00,11476.24,0.00,3378675.30
synb1_txn_18a922688892d91e3c64092b,2026-06-17T15:00:00,0.00,35574.32,3414249.62
synb1_txn_310480a6da0d81dbfd243cb3,2026-06-18T09:00:00,26590.71,0.00,3387658.91
synb1_txn_ff8b8b71b6ad86c392599eaf,2026-06-18T09:00:00,10960.26,0.00,3376698.65
synb1_txn_2a1b8bd276f06266417dd770,2026-06-18T09:00:00,26012.84,0.00,3350685.81
synb1_txn_9d9063f9416be4ac19f53dbf,2026-06-19T09:00:00,13255.07,0.00,3337430.74
synb1_txn_a080c4054e84764787c650dd,2026-06-20T09:00:00,13771.50,0.00,3323659.24
synb1_txn_9d4922bb3964cbc29f2dfe67,2026-06-21T09:00:00,18495.44,0.00,3305163.80
synb1_txn_241bd11c6b3eec946bb90ea5,2026-06-21T09:00:00,24482.68,0.00,3280681.12
synb1_txn_896e564eea8f96c6a41f7cb3,2026-06-21T15:00:00,0.00,37550.68,3318231.80
synb1_txn_f90d462b2bf2b6da55bbe037,2026-06-22T09:00:00,18063.42,0.00,3300168.38
synb1_txn_e98ffdaccbc8405b3ef3cb06,2026-06-23T09:00:00,21039.78,0.00,3279128.60
synb1_txn_52d2925d9c27ade2a4049cd4,2026-06-23T15:00:00,0.00,41144.50,3320273.10
synb1_txn_07e04134b0cc91be7e76a443,2026-06-25T09:00:00,62003.87,0.00,3258269.23
synb1_txn_26d45ed97d5805ef08190617,2026-06-25T09:00:00,15600.24,0.00,3242668.99
synb1_txn_cd333cf6cda210f1367a717f,2026-06-25T15:00:00,0.00,55202.20,3297871.19
synb1_txn_1ec0bbb008ec8220cbff8b8a,2026-06-26T09:00:00,18935.81,0.00,3278935.38
synb1_txn_289f847e9bfeff27f09c5598,2026-06-27T15:00:00,0.00,44884.91,3323820.29
synb1_txn_434810ad0a8f8cf0d51e2c75,2026-06-28T15:00:00,0.00,51957.23,3375777.52
synb1_txn_c16f2b20c26183fa2863bd5e,2026-06-28T15:00:00,0.00,23400.00,3399177.52
synb1_txn_3767ab2b04bd3c23781e95df,2026-06-28T15:00:00,0.00,17673.43,3416850.95
synb1_txn_691c3aaf5872bb93f214d431,2026-06-29T09:00:00,1679.18,0.00,3415171.77
synb1_txn_5e21b8a198d9839247ffe935,2026-06-29T09:00:00,5850.00,0.00,3409321.77
synb1_txn_017dba445195b470e096454b,2026-06-29T09:00:00,702.00,0.00,3408619.77
synb1_txn_b6e5c060ba7bbea938ba8b4d,2026-06-29T15:00:00,0.00,39430.15,3448049.92
synb1_txn_89dd7537cac76c472c8a250c,2026-06-29T15:00:00,0.00,33723.54,3481773.46
synb1_txn_a2c786629a44aaa6eec13253,2026-07-02T15:00:00,0.00,64182.47,3545955.93
synb1_txn_87bfa56f50d8c5a21ab16ea4,2026-07-02T15:00:00,0.00,49725.00,3595680.93
synb1_txn_902746c93991e3c5993fedf7,2026-07-02T15:00:00,0.00,21039.80,3616720.73
synb1_txn_282b20a5711cc60fc476a85f,2026-07-03T09:00:00,41662.35,0.00,3575058.38
synb1_txn_a1933733168ad70012f13f36,2026-07-03T15:00:00,0.00,26497.07,3601555.45
synb1_txn_bce6e97664b9d17329589dee,2026-07-05T15:00:00,0.00,26764.70,3628320.15
synb1_txn_d9f7962ccb64e6212e58a72e,2026-07-07T09:00:00,158254.96,0.00,3470065.19
synb1_txn_014ac6049af681c5dd61b107,2026-07-09T15:00:00,0.00,16250.00,3486315.19
synb1_txn_3eb047b35abc5f25f20893ec,2026-07-19T09:00:00,13962.76,0.00,3472352.43
synb1_txn_d2266d5e6e39ebe55645eac1,2026-07-19T09:00:00,7679.52,0.00,3464672.91
synb1_txn_afb5bf2f1132853d28957778,2026-07-19T15:00:00,0.00,23337.76,3488010.67
synb1_txn_9f6b0e70e52f2ee5fb2ed02f,2026-07-21T15:00:00,0.00,56010.63,3544021.30
synb1_txn_ce71d11c37598fe91c49cd9b,2026-07-22T09:00:00,16755.33,0.00,3527265.97
synb1_txn_0f5b74b7f7ecda6f1a8253ab,2026-07-22T09:00:00,12799.20,0.00,3514466.77
synb1_txn_62676dc79c804b3006a9b872,2026-07-22T09:00:00,12959.21,0.00,3501507.56
synb1_txn_a1f5b5f0b1a030ae11b17527,2026-07-23T09:00:00,11092.64,0.00,3490414.92
synb1_txn_5740e62fc8af2a6e3a71ce1e,2026-07-23T09:00:00,25598.40,0.00,3464816.52
synb1_txn_03e4264b76d0896afb2f04f5,2026-07-23T15:00:00,0.00,59640.96,3524457.48
synb1_txn_f211e18f9bb3f816f85aa9f5,2026-07-24T09:00:00,9873.66,0.00,3514583.82
synb1_txn_60efd578a221de8861d71089,2026-07-24T09:00:00,27731.60,0.00,3486852.22
synb1_txn_103ab995ba78f3ece6017656,2026-07-24T15:00:00,0.00,40896.65,3527748.87
synb1_txn_b39083b77b0ffc132c0ee527,2026-07-25T09:00:00,62003.87,0.00,3465745.00
synb1_txn_7707b238b84556394f298702,2026-07-25T09:00:00,10079.39,0.00,3455665.61
synb1_txn_f768814aa34982c20192f5eb,2026-07-25T15:00:00,0.00,31117.02,3486782.63
synb1_txn_e853fff65af1bfc971ec8e4a,2026-07-26T09:00:00,22185.29,0.00,3464597.34
synb1_txn_9f294201b8849a00650f8824,2026-07-26T09:00:00,25598.41,0.00,3438998.93
synb1_txn_4e5ee7af3d321d797765a71f,2026-07-27T09:00:00,13164.90,0.00,3425834.03
synb1_txn_3b3219af7d824d70c558420a,2026-07-27T09:00:00,38824.26,0.00,3387009.77
synb1_txn_2052c2702edde551ac61ebeb,2026-07-27T15:00:00,0.00,35360.25,3422370.02
synb1_txn_cb2f5a999dd29d06911f4d05,2026-07-28T09:00:00,1679.18,0.00,3420690.84
synb1_txn_d7c0686e8a4fb28f3e344b59,2026-07-28T09:00:00,5850.00,0.00,3414840.84
synb1_txn_292aad3acef1a3ed1e81d2f9,2026-07-28T09:00:00,702.00,0.00,3414138.84
synb1_txn_12db3bf2e85d748bf9413a1a,2026-07-28T15:00:00,0.00,54528.88,3468667.72
synb1_txn_bbbaf4241b7f9f25d79cedae,2026-07-28T15:00:00,0.00,19457.09,3488124.81
synb1_txn_82f0adc3d024fb2a4775a8d8,2026-07-30T09:00:00,27475.62,0.00,3460649.19
synb1_txn_d7fa9355e1f7dd5fc543dbfa,2026-07-31T15:00:00,0.00,26873.79,3487522.98
synb1_txn_0f2aad4a4a424cb39ec20706,2026-07-31T15:00:00,0.00,24358.27,3511881.25
synb1_txn_81c6f71b361dd27efcbc6eea,2026-08-01T15:00:00,0.00,13734.43,3525615.68
synb1_txn_a9fd0a87ff41511c1ffa87ef,2026-08-02T09:00:00,31400.71,0.00,3494214.97
synb1_txn_9f5b151c710a748f4ae0ee4e,2026-08-03T09:00:00,41662.35,0.00,3452552.62
synb1_txn_440a851931c1c5b164618a2c,2026-08-04T15:00:00,0.00,34851.06,3487403.68
synb1_txn_7db737bb9765a55787e0a9c8,2026-08-04T15:00:00,0.00,29577.90,3516981.58
synb1_txn_2258ef530b3b7fdb54af8e80,2026-08-07T09:00:00,158254.96,0.00,3358726.62
synb1_txn_53e0fa689d0c744978c31e70,2026-08-08T15:00:00,0.00,23234.04,3381960.66
synb1_txn_0cb4f9394c51948d23ddfb31,2026-08-11T15:00:00,0.00,58958.56,3440919.22
synb1_txn_800d23a758fa93a145557c8d,2026-08-11T15:00:00,0.00,62307.68,3503226.90
synb1_txn_85be2b94d6fb14822389c0de,2026-08-13T09:00:00,22894.41,0.00,3480332.49
synb1_txn_1f1ec57ab53fd2fbaf89525e,2026-08-15T15:00:00,0.00,53062.71,3533395.20
synb1_txn_0f22b2d55900e725bdb6a7c4,2026-08-15T15:00:00,0.00,31153.85,3564549.05
synb1_txn_298efb9b1fb67362d201265b,2026-08-16T09:00:00,35104.78,0.00,3529444.27
synb1_txn_75a91dc7963b017596bc5292,2026-08-18T09:00:00,27276.10,0.00,3502168.17
synb1_txn_fb5489749d4fa96acf877c6c,2026-08-20T15:00:00,0.00,19384.61,3521552.78
synb1_txn_cf0d620453916d770a5c2a59,2026-08-21T09:00:00,17834.38,0.00,3503718.40
synb1_txn_b9f0cce98e052c8a51a985e6,2026-08-22T15:00:00,0.00,26249.99,3529968.39
synb1_txn_6269ed27c1a18b6b96d8051f,2026-08-23T09:00:00,13880.14,0.00,3516088.25
synb1_txn_9cb4804ec60dc4c8a2285a04,2026-08-23T09:00:00,24549.91,0.00,3491538.34
synb1_txn_396363c962d0526b11eddb92,2026-08-23T15:00:00,0.00,32307.68,3523846.02
synb1_txn_f2b4e9a8b4dbc055106e57b6,2026-08-24T09:00:00,7999.88,0.00,3515846.14
synb1_txn_29af5dc5dbf2d52390d29c1b,2026-08-24T15:00:00,0.00,66774.19,3582620.33
synb1_txn_b4688105ecf8b504df354705,2026-08-24T15:00:00,0.00,15230.77,3597851.10
synb1_txn_aa7e6dbbc697ccc60195d0bd,2026-08-25T09:00:00,62003.87,0.00,3535847.23
synb1_txn_acf9db1ac0607777ae824698,2026-08-26T09:00:00,31230.34,0.00,3504616.89
synb1_txn_6085adc153bb4ea0910ae844,2026-08-26T09:00:00,27004.92,0.00,3477611.97
synb1_txn_82544ebc5f19eb56afb37a89,2026-08-26T09:00:00,9246.24,0.00,3468365.73
synb1_txn_b4f882a62bf5521a6578fa3b,2026-08-26T15:00:00,0.00,54519.22,3522884.95
synb1_txn_2c44b31b21e22bfa7be4ae6b,2026-08-26T15:00:00,0.00,22211.54,3545096.49
synb1_txn_68c6344aa71457a3d640c035,2026-08-27T09:00:00,11333.18,0.00,3533763.31
synb1_txn_d554b0aa28b3cce5a2bc2c7d,2026-08-27T15:00:00,0.00,36923.08,3570686.39
synb1_txn_40d625751221ff8ad1e4698b,2026-08-28T09:00:00,1679.18,0.00,3569007.21
synb1_txn_c852d21cd2e5b4e27b41ea03,2026-08-28T09:00:00,5850.00,0.00,3563157.21
synb1_txn_d2698ad1f2539c98e6eedbc0,2026-08-28T09:00:00,702.00,0.00,3562455.21
synb1_txn_135d77fed7d20259fc5ccc07,2026-08-28T15:00:00,0.00,44733.72,3607188.93
synb1_txn_edb01b5efaf8673d3e21719f,2026-08-28T15:00:00,0.00,23225.81,3630414.74
synb1_txn_77e8442b575fde1addb8a005,2026-08-29T09:00:00,10086.82,0.00,3620327.92
synb1_txn_e2f93d021a4b0b46c68f340b,2026-08-30T09:00:00,11566.78,0.00,3608761.14
synb1_txn_717a6a73b52bfc7afc0aefab,2026-08-30T09:00:00,12566.49,0.00,3596194.65
synb1_txn_46dcfbb4fe1a4641ec54607f,2026-08-30T15:00:00,0.00,28557.70,3624752.35
synb1_txn_e420e63326177d76e15de5c5,2026-08-30T15:00:00,0.00,40198.52,3664950.87
synb1_txn_755b010f7944093ceabdcb9b,2026-09-01T15:00:00,0.00,38343.20,3703294.07
synb1_txn_aa7493f514459d02ce653163,2026-09-02T09:00:00,18506.87,0.00,3684787.20
synb1_txn_5f5a669c94e52d170922f127,2026-09-02T09:00:00,26099.66,0.00,3658687.54
synb1_txn_9662e3163a7bdbd103fa6856,2026-09-03T09:00:00,41662.35,0.00,3617025.19
synb1_txn_06ab70639e7d8c50a2d3fdcc,2026-09-03T15:00:00,0.00,42878.44,3659903.63
synb1_txn_a703063b073b0c171209ff47,2026-09-07T09:00:00,158254.96,0.00,3501648.67
synb1_txn_2c7e076ba24d64f9e31c7109,2026-09-16T15:00:00,0.00,23380.81,3525029.48
synb1_txn_59d4cacd77642443428b9fe9,2026-09-18T09:00:00,10168.74,0.00,3514860.74
synb1_txn_d0f1524c77954c9f3ebe3a8e,2026-09-19T09:00:00,19634.77,0.00,3495225.97
synb1_txn_523bbbc83b68695ae14f50ef,2026-09-19T15:00:00,0.00,58991.59,3554217.56
synb1_txn_720f04b83d4ce292eecf1875,2026-09-20T15:00:00,0.00,50358.68,3604576.24
synb1_txn_5fdb254a5afecde38876f236,2026-09-21T09:00:00,15253.12,0.00,3589323.12
synb1_txn_48e4e5e0b42743ee4839292b,2026-09-22T09:00:00,22735.00,0.00,3566588.12
synb1_txn_c29966883282e0afa7f6121a,2026-09-22T09:00:00,20714.11,0.00,3545874.01
synb1_txn_0b001f13ab10880c7bc05578,2026-09-23T15:00:00,0.00,25490.19,3571364.20
synb1_txn_688776b920912ee7d55054aa,2026-09-23T15:00:00,0.00,49159.67,3620523.87
synb1_txn_e78374f5169b93f4797fab70,2026-09-24T09:00:00,17795.30,0.00,3602728.57
synb1_txn_dd9a68b85433c84358eb92f6,2026-09-24T09:00:00,25241.56,0.00,3577487.01
synb1_txn_7f8bc394af8c67ee3ba4f98d,2026-09-25T09:00:00,62003.87,0.00,3515483.14
synb1_txn_73a2fa038779d499f0d1502f,2026-09-25T09:00:00,25892.64,0.00,3489590.50
synb1_txn_57e3f394ab3d43cfc5ef8855,2026-09-25T15:00:00,0.00,12205.15,3501795.65
synb1_txn_2f2949f047a39bd2b2e4abb2,2026-09-26T15:00:00,0.00,33797.26,3535592.91
synb1_txn_ff3f5b68b3c8bbc96aaa4eb7,2026-09-27T09:00:00,11863.54,0.00,3523729.37
synb1_txn_8942fbbbff0b387869dc22b5,2026-09-27T09:00:00,17128.21,0.00,3506601.16
synb1_txn_414798c40708e67da5087b2e,2026-09-27T15:00:00,0.00,23669.47,3530270.63
synb1_txn_91261b6b5d8191487740b6a5,2026-09-28T09:00:00,1679.18,0.00,3528591.45
synb1_txn_9306b2f447fe927681799acd,2026-09-28T09:00:00,5850.00,0.00,3522741.45
synb1_txn_df8df794d30f2c7288f39bd1,2026-09-28T09:00:00,702.00,0.00,3522039.45
synb1_txn_8b89c0dc28dfc753565adabb,2026-09-29T09:00:00,16200.23,0.00,3505839.22
synb1_txn_42aaaed152e21adfb139a900,2026-09-29T15:00:00,0.00,27122.58,3532961.80
synb1_txn_83b2d6e2a575a8d55b741c7d,2026-09-30T15:00:00,0.00,39942.23,3572904.03
synb1_txn_74c2adbbd6d16c4163d7c1b1,2026-09-30T15:00:00,0.00,35026.26,3607930.29
synb1_txn_05961974f1db9fbeb2529c2c,2026-10-02T09:00:00,23552.61,0.00,3584377.68
synb1_txn_a92df5c707b0dc02ad61015d,2026-10-02T09:00:00,11340.17,0.00,3573037.51
synb1_txn_41d5fc76c2406a75f559515d,2026-10-02T15:00:00,0.00,41785.72,3614823.23
synb1_txn_4dd91aea862208e6473e3aa2,2026-10-03T09:00:00,41662.35,0.00,3573160.88
synb1_txn_164bfc4040bcbc708b85479a,2026-10-04T09:00:00,34239.36,0.00,3538921.52
synb1_txn_769f889ba0928e64ec73e6f4,2026-10-04T15:00:00,0.00,58377.10,3597298.62
synb1_txn_10dc119487b9c17ed6d20c49,2026-10-05T09:00:00,14580.19,0.00,3582718.43
synb1_txn_1df239910c8f7d67b3403feb,2026-10-06T15:00:00,0.00,41785.73,3624504.16
synb1_txn_2a4ba4d96d5688aa1cf7b4a0,2026-10-07T09:00:00,158254.96,0.00,3466249.20
synb1_txn_15b756b48c4f0743b69026ca,2026-10-07T09:00:00,20841.35,0.00,3445407.85
synb1_txn_da596b21b8025cad9387651f,2026-10-09T09:00:00,15454.44,0.00,3429953.41
synb1_txn_b07ae7327a029df3915f2577,2026-10-10T09:00:00,23517.62,0.00,3406435.79
synb1_txn_f06c7965db4f61dfb13d2d73,2026-10-11T15:00:00,0.00,24691.55,3431127.34
synb1_txn_6ff2fa503e377cffe30c05bb,2026-10-12T09:00:00,17515.03,0.00,3413612.31
synb1_txn_d842a409535335b3793325b8,2026-10-13T09:00:00,8710.23,0.00,3404902.08
synb1_txn_7ae4ac7a9b87c65038725dee,2026-10-15T09:00:00,18545.33,0.00,3386356.75
synb1_txn_ad05e0d5f674f66f40cc573b,2026-10-15T15:00:00,0.00,39216.01,3425572.76
synb1_txn_da4daaf86407e13f077911df,2026-10-15T15:00:00,0.00,26758.33,3452331.09
synb1_txn_7d9987b29022600deb1cbe17,2026-10-15T15:00:00,0.00,17650.86,3469981.95
synb1_txn_e28f1214cb7afa9181757f98,2026-10-16T09:00:00,9973.40,0.00,3460008.55
synb1_txn_050f8aba29b51cbb146812ba,2026-10-16T09:00:00,7839.22,0.00,3452169.33
synb1_txn_ddba34a2fdbd6d3aa94a82f9,2026-10-18T09:00:00,11674.11,0.00,3440495.22
synb1_txn_aa5e669325dcd9c6d67afd27,2026-10-19T09:00:00,16622.34,0.00,3423872.88
synb1_txn_4e82a079758e4e961e663c30,2026-10-19T15:00:00,0.00,26758.33,3450631.21
synb1_txn_22e4928c87eaa7067e476960,2026-10-19T15:00:00,0.00,47068.96,3497700.17
synb1_txn_a7a790dea9345acfcba5f3d1,2026-10-20T09:00:00,5723.86,0.00,3491976.31
synb1_txn_a447c2a5de9ef5561adf2d69,2026-10-21T09:00:00,14746.25,0.00,3477230.06
synb1_txn_82abd47a37902806ac35c87a,2026-10-22T09:00:00,17287.24,0.00,3459942.82
synb1_txn_c815fdf220c51f8096c713c3,2026-10-22T15:00:00,0.00,26572.74,3486515.56
synb1_txn_de4f5e3c01898767cf0adfd2,2026-10-23T09:00:00,8903.79,0.00,3477611.77
synb1_txn_f028407faafee7629b0ad500,2026-10-23T15:00:00,0.00,23670.84,3501282.61
synb1_txn_f212b98bc69a49fb3c3bc0ba,2026-10-23T15:00:00,0.00,49030.18,3550312.79
synb1_txn_6a2ee8ab1c7db9b6ab26634d,2026-10-23T15:00:00,0.00,25148.80,3575461.59
synb1_txn_b81e3311551283ee3e8107ea,2026-10-24T09:00:00,14415.66,0.00,3561045.93
synb1_txn_2fb521b9bccc9e5e8b1e3e54,2026-10-24T09:00:00,9830.84,0.00,3551215.09
synb1_txn_3d1e6ae1a3276b91cfb1121b,2026-10-24T15:00:00,0.00,16757.81,3567972.90
synb1_txn_0f0af7add70e0727c8eb777c,2026-10-25T09:00:00,62003.87,0.00,3505969.03
synb1_txn_beea8ed42bed7e86c9ab38ff,2026-10-26T09:00:00,15488.11,0.00,3490480.92
synb1_txn_9f8ef9f513b3b2853cac2f57,2026-10-26T09:00:00,17807.60,0.00,3472673.32
synb1_txn_68871f667cfc470e91f82a43,2026-10-26T15:00:00,0.00,24042.00,3496715.32
synb1_txn_b104b2f4c63ac896ff52c4d2,2026-10-27T09:00:00,13567.68,0.00,3483147.64
synb1_txn_07cdaa9967752e2e2f9ea537,2026-10-27T15:00:00,0.00,11480.97,3494628.61
synb1_txn_71eca3b5d875f75c2b223b4f,2026-10-27T15:00:00,0.00,11607.14,3506235.75
synb1_txn_ef5216a5f5a4f54eb7e95091,2026-10-28T09:00:00,1679.18,0.00,3504556.57
synb1_txn_25db8a9054e92684c9a07ac5,2026-10-28T09:00:00,5850.00,0.00,3498706.57
synb1_txn_cafcab1fde401b062f0ad294,2026-10-28T09:00:00,702.00,0.00,3498004.57
synb1_txn_07a4b2fe6db751ee33051850,2026-10-28T09:00:00,6677.84,0.00,3491326.73
synb1_txn_b7da94d3072c5a2846808d90,2026-10-28T15:00:00,0.00,15234.37,3506561.10
synb1_txn_e514e11181ee3f568e0d6d5d,2026-10-29T09:00:00,12794.52,0.00,3493766.58
synb1_txn_dc3bcf9bcb4181cce19dbb96,2026-10-30T09:00:00,10175.77,0.00,3483590.81
synb1_txn_de70990101e07e2356af3821,2026-10-30T15:00:00,0.00,26572.76,3510163.57
synb1_txn_0b3a42cfdbc3500efa120494,2026-10-31T09:00:00,6439.34,0.00,3503724.23
synb1_txn_c6cc889cf24dae5924757680,2026-10-31T15:00:00,0.00,14130.43,3517854.66
synb1_txn_f5d0370dacc279af51fae9c0,2026-10-31T15:00:00,0.00,24181.56,3542036.22
synb1_txn_00ec8837cc147c4a91bd6dee,2026-11-01T09:00:00,17508.31,0.00,3524527.91
synb1_txn_931f1a3c953b571e6ff8c5e0,2026-11-01T15:00:00,0.00,16757.82,3541285.73
synb1_txn_0dcb21e647ea45d7d666f4b8,2026-11-03T09:00:00,41662.35,0.00,3499623.38
synb1_txn_2f32d468aa298b124cd45f19,2026-11-03T09:00:00,5962.37,0.00,3493661.01
synb1_txn_88dcf7339866fd6c63b322f5,2026-11-04T15:00:00,0.00,15013.60,3508674.61
synb1_txn_cf67006dd26fe75713c4bea3,2026-11-06T15:00:00,0.00,25729.16,3534403.77
synb1_txn_3514e6952c4cf063241e5956,2026-11-07T09:00:00,158254.96,0.00,3376148.81
synb1_txn_3396ead8a6f33a9b74064ab6,2026-11-07T15:00:00,0.00,19151.78,3395300.59
synb1_txn_713ae5527a7ec15fa960cad6,2026-11-09T09:00:00,22117.02,0.00,3373183.57
synb1_txn_884c552deb3e1bf434349b9d,2026-11-10T15:00:00,0.00,32746.21,3405929.78
synb1_txn_8ebd5380d2e5d223ef47290b,2026-11-10T15:00:00,0.00,31190.09,3437119.87
synb1_txn_3f5e7a7bf6f8ec9b9c1a7d44,2026-11-11T15:00:00,0.00,38303.57,3475423.44
synb1_txn_0eac899f41bbc17a94d66fdc,2026-11-12T09:00:00,15666.22,0.00,3459757.22
synb1_txn_474696d8dd231c6325f92227,2026-11-13T09:00:00,6686.54,0.00,3453070.68
synb1_txn_8d04a8d3ed5b966d98da68dd,2026-11-14T15:00:00,0.00,18712.13,3471782.81
synb1_txn_1ac9da285e879c251a0045f2,2026-11-14T15:00:00,0.00,25620.43,3497403.24
synb1_txn_c1032f7b684f1a5ad22ea258,2026-11-15T09:00:00,13823.15,0.00,3483580.09
synb1_txn_fed240613313899f11aec8d6,2026-11-15T15:00:00,0.00,31919.65,3515499.74
synb1_txn_85266b73bd3b3fd53d6fbf87,2026-11-15T15:00:00,0.00,21021.89,3536521.63
synb1_txn_65fdfea6398fc122e3c0c0ad,2026-11-16T09:00:00,16344.87,0.00,3520176.76
synb1_txn_6483963a32ff66099d800103,2026-11-17T09:00:00,14320.98,0.00,3505855.78
synb1_txn_14216e9582e9517f75d1509e,2026-11-18T15:00:00,0.00,20050.79,3525906.57
synb1_txn_69345c25a5d688d3e03a581c,2026-11-18T15:00:00,0.00,40992.70,3566899.27
synb1_txn_ee5766cb916f5f61f01caa0c,2026-11-19T09:00:00,8915.40,0.00,3557983.87
synb1_txn_90e766a4ca46de9237d334ad,2026-11-19T15:00:00,0.00,13138.68,3571122.55
synb1_txn_5cdeaa17f103b5cedf1dfa62,2026-11-20T09:00:00,7711.29,0.00,3563411.26
synb1_txn_e2df8020e932ff4377285051,2026-11-22T09:00:00,8009.45,0.00,3555401.81
synb1_txn_20d77e4e67d6ce063e90b67c,2026-11-22T15:00:00,0.00,15372.26,3570774.07
synb1_txn_873a9613ac7088e4383e156e,2026-11-23T09:00:00,9914.54,0.00,3560859.53
synb1_txn_97cdf95c053b2aba2eb06a72,2026-11-23T15:00:00,0.00,34160.59,3595020.12
synb1_txn_65387c6a0ebd645c0ebbd6e3,2026-11-24T09:00:00,7230.56,0.00,3587789.56
synb1_txn_0bd96fb55ba30e38c7d35d97,2026-11-25T09:00:00,62003.87,0.00,3525785.69
synb1_txn_5d1e9d8a90c01ee6793e0d29,2026-11-25T09:00:00,18931.44,0.00,3506854.25
synb1_txn_994433aff89f6f648527802e,2026-11-26T15:00:00,0.00,46116.79,3552971.04
synb1_txn_3247d4302a6514aa71d51db7,2026-11-27T09:00:00,19281.50,0.00,3533689.54
synb1_txn_12ee2780610851f136309f5e,2026-11-27T15:00:00,0.00,31055.07,3564744.61
synb1_txn_2796dacd0c5eb8efb81010cc,2026-11-28T09:00:00,12378.26,0.00,3552366.35
synb1_txn_4f688495a4ea87d719ce7c0c,2026-11-29T15:00:00,0.00,16012.77,3568379.12
synb1_txn_513b68255c96b31a14f68ed7,2026-11-30T09:00:00,1679.18,0.00,3566699.94
synb1_txn_442d39b048d571a76189f47d,2026-11-30T09:00:00,5850.00,0.00,3560849.94
synb1_txn_f33316302a45e75b94ae9ffa,2026-11-30T09:00:00,702.00,0.00,3560147.94
synb1_txn_1ad644263dea8cedd2942b0e,2026-11-30T09:00:00,13439.16,0.00,3546708.78
synb1_txn_e48c2039997a995d281c0f2b,2026-11-30T09:00:00,15264.54,0.00,3531444.24
synb1_txn_912158cd683439e8915f961b,2026-11-30T15:00:00,0.00,8235.13,3539679.37
synb1_txn_49b0e0cb764d8f73d61f88e2,2026-12-01T09:00:00,7884.31,0.00,3531795.06
synb1_txn_8d540ddb3498e4e353ab18ec,2026-12-01T15:00:00,0.00,24585.26,3556380.32
synb1_txn_65164f702914cb22003d83ca,2026-12-03T09:00:00,41662.35,0.00,3514717.97
synb1_txn_94d884a59bd1389987ef44f2,2026-12-03T09:00:00,12364.03,0.00,3502353.94
synb1_txn_f164480bbc93d64c7224b8da,2026-12-03T15:00:00,0.00,22417.88,3524771.82
synb1_txn_66cc29186674435e7f094d86,2026-12-04T09:00:00,18232.67,0.00,3506539.15
synb1_txn_d03cf44e4d7f79447a830188,2026-12-04T09:00:00,9573.81,0.00,3496965.34
synb1_txn_75a0528ff70d8726113e55b6,2026-12-04T15:00:00,0.00,10675.18,3507640.52
synb1_txn_3ca1740605136c9146dacc8a,2026-12-04T15:00:00,0.00,12810.21,3520450.73
synb1_txn_88bddf93793534decc917afa,2026-12-05T15:00:00,0.00,29761.12,3550211.85
synb1_txn_a08b2db85811e8f33d67273b,2026-12-06T09:00:00,8601.07,0.00,3541610.78
synb1_txn_b8f4516c78b8b6dfdb37cdeb,2026-12-06T15:00:00,0.00,28060.49,3569671.27
synb1_txn_cb376a17eea79695a82a8130,2026-12-07T09:00:00,158254.96,0.00,3411416.31
synb1_txn_38ee18fa0505173cacac9d26,2026-12-07T09:00:00,15061.77,0.00,3396354.54
synb1_txn_024d94a09c5468b0d2b69e37,2026-12-07T09:00:00,9573.82,0.00,3386780.72
synb1_txn_b4d8391730b7cc4558fdfcea,2026-12-07T15:00:00,0.00,12810.22,3399590.94
synb1_txn_a9ebf8fad431720fb87630a9,2026-12-08T15:00:00,0.00,27755.47,3427346.41
synb1_txn_4f5937e7a4eb7881be83b9ef,2026-12-08T15:00:00,0.00,17385.31,3444731.72
synb1_txn_a9a3edf018dfc4b8360ebc94,2026-12-10T09:00:00,15854.50,0.00,3428877.22
synb1_txn_27d3d37e5ab727eeffb7662e,2026-12-10T09:00:00,16975.78,0.00,3411901.44
synb1_txn_ccc9a5e875494a9000a1e00e,2026-12-10T15:00:00,0.00,30866.54,3442767.98
synb1_txn_85ea6f0bb2fc3e7ba54c7edf,2026-12-12T15:00:00,0.00,25620.44,3468388.42
synb1_txn_a4696e858e15b095c3b992df,2026-12-13T09:00:00,16975.78,0.00,3451412.64
synb1_txn_e9e48d12ee2fbfc8fe5c5b1f,2026-12-13T15:00:00,0.00,29714.28,3481126.92
synb1_txn_4d4482da57bda9ead4804639,2026-12-14T09:00:00,11809.79,0.00,3469317.13
synb1_txn_64eee60ddbb680a8bfb233b8,2026-12-14T15:00:00,0.00,39284.69,3508601.82
synb1_txn_1fea3f5e3ec11fb5f0ef8b0a,2026-12-15T09:00:00,24802.28,0.00,3483799.54
synb1_txn_5dabd07ccbb84f5afb61ccb4,2026-12-15T15:00:00,0.00,20990.03,3504789.57
synb1_txn_f39d1121f159a92b4d60251c,2026-12-16T09:00:00,8487.90,0.00,3496301.67
synb1_txn_45cbe1a5fe48270eecd5c2aa,2026-12-16T09:00:00,9576.08,0.00,3486725.59
synb1_txn_bee6fd861b4ca6902d47ac73,2026-12-17T09:00:00,13199.17,0.00,3473526.42
synb1_txn_f6d22d069c6e979fadcf47ba,2026-12-17T15:00:00,0.00,12380.95,3485907.37
synb1_txn_d2fdd8f5493e1ae2ad3efe65,2026-12-18T09:00:00,17361.59,0.00,3468545.78
synb1_txn_2e5c033378ed481a37cbce6e,2026-12-18T15:00:00,0.00,23931.81,3492477.59
synb1_txn_a219a12adb89ad72322bc86d,2026-12-18T15:00:00,0.00,26912.83,3519390.42
synb1_txn_cb20ce778fdec66e5b9eee82,2026-12-19T09:00:00,6964.42,0.00,3512426.00
synb1_txn_d71faf287af250de1683bb7b,2026-12-19T15:00:00,0.00,49851.32,3562277.32
synb1_txn_85199b9d7ce2cc4cf00a01a9,2026-12-20T09:00:00,11451.91,0.00,3550825.41
synb1_txn_13622613b217d47434593277,2026-12-20T09:00:00,19451.43,0.00,3531373.98
synb1_txn_44b95fb9adde444f09f791b4,2026-12-21T09:00:00,8036.70,0.00,3523337.28
synb1_txn_9183543d67275b5723fc35e3,2026-12-21T09:00:00,12401.15,0.00,3510936.13
synb1_txn_7754185ccd2e241e749c7220,2026-12-21T15:00:00,0.00,24761.91,3535698.04
synb1_txn_adf0af89560000b4714e0a47,2026-12-22T09:00:00,11752.47,0.00,3523945.57
synb1_txn_ea8230844de4cdf9cc232f5b,2026-12-22T09:00:00,3497.75,0.00,3520447.82
synb1_txn_f04ab09bd211ca7f48ae2c2e,2026-12-22T15:00:00,0.00,17094.15,3537541.97
synb1_txn_218b01c905439596e587e92c,2026-12-22T15:00:00,0.00,26912.83,3564454.80
synb1_txn_c080ce673688fb02502fcff5,2026-12-23T09:00:00,16359.88,0.00,3548094.92
synb1_txn_84967e0ec226e75cc45069a3,2026-12-23T15:00:00,0.00,41980.07,3590074.99
synb1_txn_cb02c3fa36b935ef319fd54f,2026-12-24T09:00:00,20538.25,0.00,3569536.74
synb1_txn_781759ac2a2d1f180dfb1f33,2026-12-24T09:00:00,20209.29,0.00,3549327.45
synb1_txn_a49b8c198a4dab47f383711b,2026-12-25T09:00:00,62003.87,0.00,3487323.58
synb1_txn_ecb3c2fd7bcba0e3a305bc85,2026-12-25T09:00:00,7384.15,0.00,3479939.43
synb1_txn_f8967ee2054b37c1fd38ad0a,2026-12-26T09:00:00,6543.96,0.00,3473395.47
synb1_txn_bab777619c9ff92df45e0f41,2026-12-26T15:00:00,0.00,9116.89,3482512.36
synb1_txn_ac6deef0f7779cc508662676,2026-12-26T15:00:00,0.00,25567.19,3508079.55
synb1_txn_79e60b6760c2bb4d65731481,2026-12-27T09:00:00,9822.66,0.00,3498256.89
synb1_txn_53a6da8c9df0767053f4306a,2026-12-27T09:00:00,8083.71,0.00,3490173.18
synb1_txn_a2f86b5e5e6f2516d7f5a8de,2026-12-28T09:00:00,1679.18,0.00,3488494.00
synb1_txn_5f4ac3bc1b8202f2d47802e5,2026-12-28T09:00:00,5850.00,0.00,3482644.00
synb1_txn_4a47b09e1ade672c422015a7,2026-12-28T09:00:00,702.00,0.00,3481942.00
synb1_txn_06c1089dd4106ff941bb0dc6,2026-12-28T09:00:00,9327.36,0.00,3472614.64
synb1_txn_133a7ec05d197e427d7c1623,2026-12-30T09:00:00,16167.44,0.00,3456447.20
synb1_txn_f20d8f6ad7ac2abb54728db3,2026-12-30T15:00:00,0.00,11898.30,3468345.50
